# mark data_count fit_count residual
0 2.2590000000e+03 2.4354448652e+03 -1.7644486521e+02
1 1.0120000000e+03 1.9825394807e+03 -9.7053948075e+02
2 1.0200000000e+03 2.1088072528e+03 -1.0888072528e+03
3 9.6100000000e+02 2.2564984624e+03 -1.2954984624e+03
4 1.0400000000e+03 2.4470498638e+03 -1.4070498638e+03
5 2.5120000000e+03 2.2511246198e+03 2.6087538017e+02
6 1.4100000000e+03 2.3779960318e+03 -9.6799603182e+02
7 1.3940000000e+03 2.5155466819e+03 -1.1215466819e+03
8 1.3880000000e+03 2.6684467074e+03 -1.2804467074e+03
9 1.5010000000e+03 2.5574534179e+03 -1.0564534179e+03
10 3.4150000000e+03 2.6893860393e+03 7.2561396072e+02
11 2.1110000000e+03 2.8268345694e+03 -7.1583456937e+02
12 1.9420000000e+03 2.9698172620e+03 -1.0278172620e+03
13 1.9490000000e+03 2.9009427988e+03 -9.5194279878e+02
14 2.0320000000e+03 3.0402078930e+03 -1.0082078930e+03
15 4.5120000000e+03 3.1821085155e+03 1.3298914845e+03
16 2.6540000000e+03 3.3247923334e+03 -6.7079233338e+02
17 2.4720000000e+03 3.2807861771e+03 -8.0878617712e+02
18 2.6130000000e+03 3.4284108990e+03 -8.1541089902e+02
19 2.5720000000e+03 3.5768935243e+03 -1.0048935243e+03
20 5.7400000000e+03 3.7233866554e+03 2.0166133446e+03
21 3.4830000000e+03 3.6954962728e+03 -2.1249627282e+02
22 3.1500000000e+03 3.8516809636e+03 -7.0168096363e+02
23 3.1520000000e+03 4.0074936178e+03 -8.5549361784e+02
24 3.2870000000e+03 4.1594858930e+03 -8.7248589298e+02
25 7.1210000000e+03 4.1426025252e+03 2.9783974748e+03
26 4.2410000000e+03 4.3069475539e+03 -6.5947553920e+01
27 3.6390000000e+03 4.4699240309e+03 -8.3092403093e+02
28 3.8130000000e+03 4.6277257785e+03 -8.1472577855e+02
29 3.9840000000e+03 4.6184551373e+03 -6.3445513735e+02
30 8.4680000000e+03 4.7900868925e+03 3.6779131075e+03
31 4.8620000000e+03 4.9594143031e+03 -9.7414303067e+01
32 4.4650000000e+03 5.1224214582e+03 -6.5742145821e+02
33 4.5280000000e+03 5.1181349333e+03 -5.9013493332e+02
34 4.5790000000e+03 5.2957647356e+03 -7.1676473563e+02
35 9.9650000000e+03 5.4701444117e+03 4.4948555883e+03
36 5.6560000000e+03 5.6371168613e+03 1.8883138745e+01
37 5.2330000000e+03 5.6354289332e+03 -4.0242893320e+02
38 5.0540000000e+03 5.8174148693e+03 -7.6341486932e+02
39 5.1850000000e+03 5.9951475121e+03 -8.1014751206e+02
40 1.1056000000e+04 6.1643893497e+03 4.8916106503e+03
41 6.5230000000e+03 6.1629092517e+03 3.6009074827e+02
42 5.7520000000e+03 6.3472932505e+03 -5.9529325048e+02
43 5.6720000000e+03 6.5263717840e+03 -8.5437178403e+02
44 5.8790000000e+03 6.6958345206e+03 -8.1683452059e+02
45 1.2593000000e+04 6.6920806729e+03 5.9009193271e+03
46 7.2720000000e+03 6.8766499592e+03 3.9535004082e+02
47 6.4520000000e+03 7.0548173327e+03 -6.0281733272e+02
48 6.3360000000e+03 7.2222214535e+03 -8.8622145353e+02
49 6.5210000000e+03 7.2135988380e+03 -6.9259883801e+02
50 1.3853000000e+04 7.3959655291e+03 6.4570344709e+03
51 7.7300000000e+03 7.5707987975e+03 1.5920120253e+02
52 7.0150000000e+03 7.7337077338e+03 -7.1870773382e+02
53 6.7470000000e+03 7.7175885077e+03 -9.7058850765e+02
54 6.6740000000e+03 7.8952481753e+03 -1.2212481753e+03
55 1.4384000000e+04 8.0642582404e+03 6.3197417596e+03
56 7.9610000000e+03 8.2201805101e+03 -2.5918051014e+02
57 7.5000000000e+03 8.1939524228e+03 -6.9395242276e+02
58 7.1510000000e+03 8.3644255953e+03 -1.2134255953e+03
59 7.0980000000e+03 8.5251204940e+03 -1.4271204940e+03
60 1.5277000000e+04 8.6716236112e+03 6.6053763888e+03
61 8.5670000000e+03 8.6327826428e+03 -6.5782642808e+01
62 7.7400000000e+03 8.7936862727e+03 -1.0536862727e+03
63 7.4150000000e+03 8.9437329148e+03 -1.5287329148e+03
64 7.2810000000e+03 9.0785010513e+03 -1.7975010513e+03
65 1.5811000000e+04 9.0247576144e+03 6.7862423856e+03
66 8.9450000000e+03 9.1739164791e+03 -2.2891647911e+02
67 7.9720000000e+03 9.3112023843e+03 -1.3392023843e+03
68 7.6040000000e+03 9.4322129345e+03 -1.8282129345e+03
69 7.6250000000e+03 9.3615214177e+03 -1.7365214177e+03
70 1.6153000000e+04 9.4970840141e+03 6.6559159859e+03
71 8.9140000000e+03 9.6198232180e+03 -7.0582321801e+02
72 8.1340000000e+03 9.7253867814e+03 -1.5913867814e+03
73 7.7690000000e+03 9.6361242761e+03 -1.8671242761e+03
74 7.8140000000e+03 9.7565707877e+03 -1.9425707877e+03
75 1.6157000000e+04 9.8634094384e+03 6.2935905616e+03
76 9.0160000000e+03 9.9522617732e+03 -9.3626177318e+02
77 8.2380000000e+03 9.8432284131e+03 -1.6052284131e+03
78 7.9960000000e+03 9.9475634229e+03 -1.9515634229e+03
79 7.7010000000e+03 1.0037544069e+04 -2.3365440692e+03
80 1.5974000000e+04 1.0108934607e+04 5.8650653926e+03
81 8.9100000000e+03 9.9794205961e+03 -1.0694205961e+03
82 8.1490000000e+03 1.0067133713e+04 -1.9181337130e+03
83 7.8700000000e+03 1.0139894724e+04 -2.2698947235e+03
84 7.9470000000e+03 1.0193495469e+04 -2.2464954687e+03
85 1.5784000000e+04 1.0043345573e+04 5.7406544274e+03
86 8.9550000000e+03 1.0114457218e+04 -1.1594572184e+03
87 8.1890000000e+03 1.0170138457e+04 -1.9811384573e+03
88 7.7220000000e+03 1.0206254528e+04 -2.4842545275e+03
89 7.7500000000e+03 1.0035710165e+04 -2.2857101653e+03
90 1.5302000000e+04 1.0090816159e+04 5.2111838407e+03
91 8.8100000000e+03 1.0130078485e+04 -1.3200784850e+03
92 7.9760000000e+03 1.0149491476e+04 -2.1734914758e+03
93 7.7160000000e+03 9.9594216092e+03 -2.2434216092e+03
94 7.8320000000e+03 9.9994628184e+03 -2.1674628184e+03
95 1.4652000000e+04 1.0023512906e+04 4.6284870944e+03
96 8.6760000000e+03 1.0027476942e+04 -1.3514769423e+03
97 7.9780000000e+03 9.8191545321e+03 -1.8411545321e+03
98 7.6400000000e+03 9.8456832357e+03 -2.2056832357e+03
99 7.4760000000e+03 9.8559631692e+03 -2.3799631692e+03
100 1.4246000000e+04 9.8462166134e+03 4.3997833866e+03
101 8.4780000000e+03 9.6212990578e+03 -1.1432990578e+03
102 7.7770000000e+03 9.6361828814e+03 -1.8591828814e+03
103 7.3800000000e+03 9.6346926027e+03 -2.2546926027e+03
104 7.3970000000e+03 9.6130623750e+03 -2.2160623750e+03
105 1.3571000000e+04 9.3736020880e+03 4.1973979120e+03
106 8.2870000000e+03 9.3789945067e+03 -1.0919945067e+03
107 7.3740000000e+03 9.3679214688e+03 -1.9939214688e+03
108 7.3590000000e+03 9.3367274759e+03 -1.9777274759e+03
109 7.2400000000e+03 9.0846881342e+03 -1.8446881342e+03
110 1.3039000000e+04 9.0830452851e+03 3.9559547149e+03
111 8.0510000000e+03 9.0647387168e+03 -1.0137387168e+03
112 7.4600000000e+03 9.0263458168e+03 -1.5663458168e+03
113 7.1520000000e+03 8.7641220255e+03 -1.6121220255e+03
114 7.1370000000e+03 8.7576181463e+03 -1.6206181463e+03
115 1.2363000000e+04 8.7346289590e+03 3.6283710410e+03
116 7.6510000000e+03 8.6914376797e+03 -1.0404376797e+03
117 7.0420000000e+03 8.4213266436e+03 -1.3793266436e+03
118 6.8870000000e+03 8.4125169718e+03 -1.5255169718e+03
119 6.9450000000e+03 8.3869062671e+03 -1.4419062671e+03
120 1.1658000000e+04 8.3414301738e+03 3.3165698262e+03
121 7.3520000000e+03 8.0656543295e+03 -7.1365432951e+02
122 7.0010000000e+03 8.0568510015e+03 -1.0558510015e+03
123 6.6710000000e+03 8.0310380255e+03 -1.3600380255e+03
124 6.5880000000e+03 7.9850913066e+03 -1.3970913066e+03
125 1.0999000000e+04 7.7059295201e+03 3.2930704799e+03
126 7.1780000000e+03 7.6992616333e+03 -5.2126163328e+02
127 6.7860000000e+03 7.6752943631e+03 -8.8929436314e+02
128 6.6270000000e+03 7.6310658555e+03 -1.0040658555e+03
129 6.5090000000e+03 7.3499027304e+03 -8.4090273041e+02
130 1.0470000000e+04 7.3475082249e+03 3.1224917751e+03
131 6.9510000000e+03 7.3271752833e+03 -3.7617528328e+02
132 6.4950000000e+03 7.2863744304e+03 -7.9137443043e+02
133 6.3010000000e+03 7.0050463041e+03 -7.0404630408e+02
134 6.3100000000e+03 7.0079519698e+03 -6.9795196979e+02
135 1.0023000000e+04 6.9930501045e+03 3.0299498955e+03
136 6.6050000000e+03 6.9570794842e+03 -3.5207948418e+02
137 6.3450000000e+03 6.6768713924e+03 -3.3187139236e+02
138 6.1250000000e+03 6.6866542918e+03 -5.6165429182e+02
139 6.1180000000e+03 6.6776695006e+03 -5.5966950063e+02
140 9.4460000000e+03 6.6479776505e+03 2.7980223495e+03
141 6.4040000000e+03 6.3698645700e+03 3.4135430019e+01
142 6.0300000000e+03 6.3874644301e+03 -3.5746443013e+02
143 5.9930000000e+03 6.3856034349e+03 -3.9260343490e+02
144 5.7870000000e+03 6.3621271034e+03 -5.7512710337e+02
145 9.0930000000e+03 6.0872212894e+03 3.0057787106e+03
146 6.1330000000e+03 6.1132543844e+03 1.9745615587e+01
147 5.9510000000e+03 6.1190354990e+03 -1.6803549901e+02
148 5.7480000000e+03 6.1026582294e+03 -3.5465822940e+02
149 5.8020000000e+03 5.8303657537e+03 -2.8365753723e+01
150 8.5040000000e+03 5.8656737964e+03 2.6383262036e+03
151 6.0740000000e+03 5.8793206602e+03 1.9467933981e+02
152 5.7200000000e+03 5.8701964087e+03 -1.5019640873e+02
153 5.5970000000e+03 5.6011661268e+03 -4.1661268063e+00
154 5.4750000000e+03 5.6446332161e+03 -1.6963321612e+02
155 8.0200000000e+03 5.6667347660e+03 2.3532652340e+03
156 5.7880000000e+03 5.6647673426e+03 1.2323265744e+02
157 5.5540000000e+03 5.3988948692e+03 1.5510513081e+02
158 5.4940000000e+03 5.4509584123e+03 4.3041587700e+01
159 5.3550000000e+03 5.4798869519e+03 -1.2488695191e+02
160 7.8260000000e+03 5.4855105238e+03 2.3404894762e+03
161 5.6420000000e+03 5.2225096620e+03 4.1949033796e+02
162 5.3650000000e+03 5.2827880326e+03 8.2211967438e+01
163 5.2380000000e+03 5.3188519856e+03 -8.0851985554e+01
164 5.1130000000e+03 5.3299846092e+03 -2.1698460922e+02
165 7.3490000000e+03 5.0702987121e+03 2.2787012879e+03
166 5.3640000000e+03 5.1382649663e+03 2.2573503366e+02
167 5.2310000000e+03 5.1808966164e+03 5.0103383636e+01
168 4.9960000000e+03 5.1978241481e+03 -2.0182414808e+02
169 5.0060000000e+03 4.9390431345e+03 6.6956865543e+01
170 7.0380000000e+03 5.0150824505e+03 2.0229175495e+03
171 5.3110000000e+03 5.0636244029e+03 2.4737559709e+02
172 4.9270000000e+03 5.0856796520e+03 -1.5867965202e+02
173 4.9790000000e+03 4.8282535931e+03 1.5074640688e+02
174 4.8470000000e+03 4.9094696801e+03 -6.2469680056e+01
175 6.6400000000e+03 4.9643933884e+03 1.6756066116e+03
176 5.1400000000e+03 4.9908689729e+03 1.4913102706e+02
177 4.9140000000e+03 4.7342038247e+03 1.7979617532e+02
178 4.7440000000e+03 4.8210742128e+03 -7.7074212791e+01
179 4.7550000000e+03 4.8790937742e+03 -1.2409377418e+02
180 6.5860000000e+03 4.9106400884e+03 1.6753599116e+03
181 5.0440000000e+03 4.6541524024e+03 3.8984759756e+02
182 4.7680000000e+03 4.7459639155e+03 2.2036084506e+01
183 4.6890000000e+03 4.8077521145e+03 -1.1875211451e+02
184 4.7920000000e+03 4.8407127633e+03 -4.8712763267e+01
185 6.2660000000e+03 4.5854270019e+03 1.6805729981e+03
186 4.7360000000e+03 4.6814935599e+03 5.4506440146e+01
187 4.6240000000e+03 4.7463718307e+03 -1.2237183071e+02
188 4.5600000000e+03 4.7816902659e+03 -2.2169026593e+02
189 4.4220000000e+03 4.5237048515e+03 -1.0170485153e+02
190 6.0030000000e+03 4.6251891716e+03 1.3778108284e+03
191 4.6430000000e+03 4.6925289782e+03 -4.9528978193e+01
192 4.4550000000e+03 4.7296036814e+03 -2.7460368137e+02
193 4.4500000000e+03 4.4703262634e+03 -2.0326263417e+01
194 4.3050000000e+03 4.5727441847e+03 -2.6774418472e+02
195 5.6670000000e+03 4.6440368171e+03 1.0229631829e+03
196 4.4840000000e+03 4.6823299450e+03 -1.9832994495e+02
197 4.3160000000e+03 4.4214029326e+03 -1.0540293261e+02
198 4.4330000000e+03 4.5263358681e+03 -9.3335868052e+01
199 4.3040000000e+03 4.5966360994e+03 -2.9263609937e+02
200 5.5630000000e+03 4.6380173977e+03 9.2498260231e+02
201 4.4010000000e+03 4.3751586904e+03 2.5841309603e+01
202 4.3610000000e+03 4.4821525704e+03 -1.2115257041e+02
203 4.2560000000e+03 4.5534206057e+03 -2.9742060570e+02
204 4.1540000000e+03 4.5924494019e+03 -4.3844940193e+02
205 5.2110000000e+03 4.3300966356e+03 8.8090336439e+02
206 4.3250000000e+03 4.4387632415e+03 -1.1376324154e+02
207 4.1820000000e+03 4.5106336040e+03 -3.2863360399e+02
208 4.0760000000e+03 4.5496883533e+03 -4.7368835332e+02
209 4.0910000000e+03 4.2820155264e+03 -1.9101552641e+02
210 5.0260000000e+03 4.3950057336e+03 6.3099426644e+02
211 4.1360000000e+03 4.4671763304e+03 -3.3117633039e+02
212 4.0200000000e+03 4.5059876735e+03 -4.8598767350e+02
213 4.0210000000e+03 4.2359828768e+03 -2.1498287682e+02
214 3.9560000000e+03 4.3466352121e+03 -3.9063521206e+02
215 4.9950000000e+03 4.4221958035e+03 5.7280419655e+02
216 3.8860000000e+03 4.4605519047e+03 -5.7455190471e+02
217 3.9420000000e+03 4.1882061948e+03 -2.4620619483e+02
218 3.9410000000e+03 4.2997361626e+03 -3.5873616256e+02
219 3.9050000000e+03 4.3713443798e+03 -4.6634437979e+02
220 4.9060000000e+03 4.4128009209e+03 4.9319907914e+02
221 3.9510000000e+03 4.1381582298e+03 -1.8715822975e+02
222 3.8480000000e+03 4.2503956924e+03 -4.0239569243e+02
223 3.7050000000e+03 4.3217379631e+03 -6.1673796305e+02
224 3.7440000000e+03 4.3582197735e+03 -6.1421977349e+02
225 4.6280000000e+03 4.0854931312e+03 5.4250686877e+02
226 4.0140000000e+03 4.1983066798e+03 -1.8430667983e+02
227 3.7770000000e+03 4.2692756648e+03 -4.9227566485e+02
228 3.7820000000e+03 4.3049659770e+03 -5.2296597700e+02
229 3.7030000000e+03 4.0254661646e+03 -3.2246616462e+02
230 4.4770000000e+03 4.1433103558e+03 3.3368964417e+02
231 3.7290000000e+03 4.2138312677e+03 -4.8483126774e+02
232 3.6690000000e+03 4.2486839262e+03 -5.7968392623e+02
233 3.7000000000e+03 3.9672867037e+03 -2.6728670367e+02
234 3.6520000000e+03 4.0803663953e+03 -4.2836639526e+02
235 4.3380000000e+03 4.1553961756e+03 1.8260382438e+02
236 3.5670000000e+03 4.1893910402e+03 -6.2239104020e+02
237 3.4820000000e+03 3.9062828798e+03 -4.2428287981e+02
238 3.5640000000e+03 4.0197401101e+03 -4.5574011010e+02
239 3.5280000000e+03 4.0885819987e+03 -5.6058199865e+02
240 4.1620000000e+03 4.1271950744e+03 3.4804925600e+01
241 3.6550000000e+03 3.8425829724e+03 -1.8758297242e+02
242 3.5750000000e+03 3.9563830147e+03 -3.8138301473e+02
243 3.5330000000e+03 4.0247204670e+03 -4.9172046702e+02
244 3.5070000000e+03 4.0563135950e+03 -5.4931359503e+02
245 4.0590000000e+03 3.7763817971e+03 2.8261820291e+02
246 3.5060000000e+03 3.8905023313e+03 -3.8450233135e+02
247 3.4620000000e+03 3.9583391233e+03 -4.9633912328e+02
248 3.4520000000e+03 3.9891532693e+03 -5.3715326930e+02
249 3.2840000000e+03 3.7014644232e+03 -4.1746442321e+02
250 4.1170000000e+03 3.8223525387e+03 2.9464746126e+02
251 3.5080000000e+03 3.8897021984e+03 -3.8170219837e+02
252 3.3970000000e+03 3.9197767307e+03 -5.2277673066e+02
253 3.3760000000e+03 3.6313177739e+03 -2.5531777386e+02
254 3.3810000000e+03 3.7452542362e+03 -3.6425423622e+02
255 3.9050000000e+03 3.8191054844e+03 8.5894515584e+01
256 3.3420000000e+03 3.8484864694e+03 -5.0648646940e+02
257 3.3020000000e+03 3.5595048057e+03 -2.5750480571e+02
258 3.3400000000e+03 3.6737754045e+03 -3.3377540447e+02
259 3.2550000000e+03 3.7393853855e+03 -4.8438538546e+02
260 3.7190000000e+03 3.7756039329e+03 -5.6603932925e+01
261 3.3280000000e+03 3.4863494487e+03 -1.5834944873e+02
262 3.2230000000e+03 3.6009521935e+03 -3.7795219349e+02
263 3.2330000000e+03 3.6661899207e+03 -4.3318992071e+02
264 3.2910000000e+03 3.6934684226e+03 -4.0246842264e+02
265 3.7490000000e+03 3.4121842156e+03 3.3681578440e+02
266 3.2940000000e+03 3.5271173175e+03 -2.3311731754e+02
267 3.1720000000e+03 3.5920114626e+03 -4.2001146260e+02
268 3.0470000000e+03 3.6187990952e+03 -5.7179909515e+02
269 3.2080000000e+03 3.3288436254e+03 -1.2084362539e+02
270 3.6650000000e+03 3.4526043608e+03 2.1239563920e+02
271 3.2540000000e+03 3.5171835284e+03 -2.6318352844e+02
272 3.1200000000e+03 3.5435335952e+03 -4.2353359517e+02
273 3.0970000000e+03 3.2540983122e+03 -1.5709831216e+02
274 3.2300000000e+03 3.3687456647e+03 -1.3874566470e+02
275 3.6100000000e+03 3.4420344353e+03 1.6796556472e+02
276 3.1460000000e+03 3.4679990103e+03 -3.2199901031e+02
277 3.0520000000e+03 3.1793242791e+03 -1.2732427908e+02
278 2.9980000000e+03 3.2943383923e+03 -2.9633839225e+02
279 2.9790000000e+03 3.3574050709e+03 -3.7840507090e+02
280 3.4160000000e+03 3.3925124496e+03 2.3487550386e+01
281 2.9970000000e+03 3.1048331447e+03 -1.0783314467e+02
282 2.9730000000e+03 3.2202015538e+03 -2.4720155376e+02
283 2.9420000000e+03 3.2830848210e+03 -3.4108482096e+02
284 3.0540000000e+03 3.3074396728e+03 -2.5343967279e+02
285 3.5040000000e+03 3.0309225427e+03 4.7307745727e+02
286 3.0310000000e+03 3.1466287815e+03 -1.1562878147e+02
287 2.8540000000e+03 3.2093471633e+03 -3.5534716331e+02
288 2.8510000000e+03 3.2335164866e+03 -3.8251648656e+02
289 2.9440000000e+03 2.9475021222e+03 -3.5021222319e+00
290 3.3510000000e+03 3.0738970151e+03 2.7710298490e+02
291 2.9300000000e+03 3.1364655220e+03 -2.0646552200e+02
292 2.8800000000e+03 3.1604879308e+03 -2.8048793081e+02
293 2.8390000000e+03 2.8761937915e+03 -3.7193791511e+01
294 2.6710000000e+03 2.9914917163e+03 -3.2049171634e+02
295 3.3040000000e+03 3.0646945408e+03 2.3930545919e+02
296 2.7590000000e+03 3.0886046058e+03 -3.2960460584e+02
297 2.9420000000e+03 2.8062337174e+03 1.3576628265e+02
298 2.8290000000e+03 2.9218575358e+03 -9.2857535841e+01
299 2.8260000000e+03 2.9831314945e+03 -1.5713149453e+02
300 3.2040000000e+03 3.0180967807e+03 1.8590321929e+02
301 2.8620000000e+03 2.7378433411e+03 1.2415665887e+02
302 2.6790000000e+03 2.8537557789e+03 -1.7475577894e+02
303 2.7410000000e+03 2.9149681413e+03 -1.7396814130e+02
304 2.7940000000e+03 2.9377137521e+03 -1.4371375214e+02
305 3.1940000000e+03 2.6712225375e+03 5.2277746254e+02
306 2.7800000000e+03 2.7873814954e+03 -7.3814953711e+00
307 2.7460000000e+03 2.8485284258e+03 -1.0252842585e+02
308 2.5770000000e+03 2.8713081872e+03 -2.9430818716e+02
309 2.8200000000e+03 2.5948129956e+03 2.2518700442e+02
310 3.0080000000e+03 2.7229077106e+03 2.8509228939e+02
311 2.7920000000e+03 2.7839811293e+03 8.0188706727e+00
312 2.6640000000e+03 2.8068088951e+03 -1.4280889511e+02
313 2.5980000000e+03 2.5330287029e+03 6.4971297077e+01
314 2.6400000000e+03 2.6485226171e+03 -8.5226170661e+00
315 2.8860000000e+03 2.7214728476e+03 1.6452715235e+02
316 2.6500000000e+03 2.7443579396e+03 -9.4357939600e+01
317 2.6450000000e+03 2.4734460020e+03 1.7155399803e+02
318 2.6200000000e+03 2.5891043194e+03 3.0895680559e+01
319 2.6600000000e+03 2.6489919191e+03 1.1008080888e+01
320 3.0190000000e+03 2.6840753441e+03 3.3492465589e+02
321 2.6910000000e+03 2.4161752643e+03 2.7482473575e+02
322 2.5460000000e+03 2.5319344337e+03 1.4065566288e+01
323 2.5900000000e+03 2.5917726142e+03 -1.7726142196e+00
324 2.5270000000e+03 2.6138051026e+03 -8.6805102571e+01
325 2.8810000000e+03 2.3613051779e+03 5.1969482206e+02
326 2.5330000000e+03 2.4770977557e+03 5.5902244266e+01
327 2.3670000000e+03 2.5368588064e+03 -1.6985880637e+02
328 2.4860000000e+03 2.5590238711e+03 -7.3023871116e+01
329 2.4630000000e+03 2.2965878583e+03 1.6641214171e+02
330 2.8060000000e+03 2.4246582620e+03 3.8134173802e+02
331 2.5210000000e+03 2.4843110161e+03 3.6688983922e+01
332 2.4960000000e+03 2.5065972076e+03 -1.0597207641e+01
333 2.4620000000e+03 2.2476200465e+03 2.1437995350e+02
334 2.4620000000e+03 2.3623411651e+03 9.9658834901e+01
335 2.7720000000e+03 2.4341699445e+03 3.3783005551e+02
336 2.4740000000e+03 2.4565621860e+03 1.7437814016e+01
337 2.4770000000e+03 2.2011457343e+03 2.7585426565e+02
338 2.3100000000e+03 2.3157507584e+03 -5.7507584342e+00
339 2.3160000000e+03 2.3741933840e+03 -5.8193383984e+01
340 2.7180000000e+03 2.4089372276e+03 3.0906277243e+02
341 2.3450000000e+03 2.1571745025e+03 1.8782549753e+02
342 2.3610000000e+03 2.2715796018e+03 8.9420398208e+01
343 2.4010000000e+03 2.3298743499e+03 7.1125650052e+01
344 2.3490000000e+03 2.3515710087e+03 -2.5710086707e+00
345 2.6970000000e+03 2.1156985739e+03 5.8130142612e+02
346 2.3730000000e+03 2.2298179876e+03 1.4318201238e+02
347 2.4570000000e+03 2.2879183436e+03 1.6908165636e+02
348 2.3550000000e+03 2.3097273396e+03 4.5272660432e+01
349 2.2950000000e+03 2.0647092987e+03 2.3029070125e+02
350 2.6400000000e+03 2.1904404209e+03 4.4955957912e+02
351 2.3380000000e+03 2.2482980828e+03 8.9701917220e+01
352 2.3590000000e+03 2.2701882448e+03 8.8811755248e+01
353 2.3320000000e+03 2.0291213301e+03 3.0287866987e+02
354 2.3270000000e+03 2.1416429085e+03 1.8535709152e+02
355 2.5930000000e+03 2.2109720630e+03 3.8202793695e+02
356 2.3650000000e+03 2.2329102790e+03 1.3208972103e+02
357 2.2110000000e+03 1.9958504807e+03 2.1514951926e+02
358 2.2100000000e+03 2.1078881643e+03 1.0211183571e+02
359 2.2140000000e+03 2.1643928591e+03 4.9607140901e+01
360 2.5740000000e+03 2.1978373760e+03 3.7616262396e+02
361 2.2200000000e+03 1.9648335506e+03 2.5516644939e+02
362 2.2300000000e+03 2.0762935896e+03 1.5370641045e+02
363 2.2290000000e+03 2.1324672248e+03 9.6532775198e+01
364 2.1560000000e+03 2.1537266944e+03 2.2733055977e+00
365 2.5410000000e+03 1.9359963503e+03 6.0500364966e+02
366 2.1790000000e+03 2.0467854043e+03 1.3221459572e+02
367 2.2810000000e+03 2.1025714803e+03 1.7842851969e+02
368 2.2180000000e+03 2.1238322276e+03 9.4167772400e+01
369 2.1540000000e+03 1.8984393988e+03 2.5556060120e+02
370 2.3510000000e+03 2.0192805486e+03 3.3171945142e+02
371 2.2210000000e+03 2.0746227202e+03 1.4637727984e+02
372 2.1170000000e+03 2.0958427269e+03 2.1157273069e+01
373 2.0730000000e+03 1.8746707107e+03 1.9832928931e+02
374 2.1530000000e+03 1.9832698323e+03 1.6973016771e+02
375 2.4540000000e+03 2.0485303550e+03 4.0546964501e+02
376 2.1310000000e+03 2.0696675276e+03 6.1332472360e+01
377 2.1450000000e+03 1.8527356612e+03 2.9226433882e+02
378 2.1090000000e+03 1.9604445188e+03 1.4855548121e+02
379 2.0220000000e+03 2.0142092782e+03 7.7907218490e+00
380 2.3800000000e+03 2.0452098119e+03 3.3479018805e+02
381 2.1180000000e+03 1.8325322128e+03 2.8546778719e+02
382 2.1030000000e+03 1.9392587968e+03 1.6374120316e+02
383 2.0820000000e+03 1.9924653581e+03 8.9534641946e+01
384 2.0560000000e+03 2.0128370528e+03 4.3162947204e+01
385 2.2320000000e+03 1.8139536632e+03 4.1804633683e+02
386 2.0830000000e+03 1.9196084984e+03 1.6339150157e+02
387 2.0320000000e+03 1.9722000970e+03 5.9799902972e+01
388 2.0050000000e+03 1.9924120797e+03 1.2587920269e+01
389 1.9680000000e+03 1.7878381801e+03 1.8016181986e+02
390 2.1980000000e+03 1.9013862157e+03 2.9661378433e+02
391 2.0200000000e+03 1.9533079316e+03 6.6692068433e+01
392 2.0120000000e+03 1.9733166865e+03 3.8683313516e+01
393 1.9750000000e+03 1.7730542991e+03 2.0194570090e+02
394 1.9740000000e+03 1.8759262398e+03 9.8073760226e+01
395 2.1680000000e+03 1.9356813167e+03 2.3231868333e+02
396 1.9790000000e+03 1.9554448059e+03 2.3555194060e+01
397 1.9430000000e+03 1.7594863857e+03 1.8351361431e+02
398 1.9560000000e+03 1.8610757228e+03 9.4924277189e+01
399 1.8790000000e+03 1.9111619720e+03 -3.2161971994e+01
400 2.1760000000e+03 1.9386895323e+03 2.3731046770e+02
401 2.0540000000e+03 1.7470239438e+03 3.0697605625e+02
402 1.8920000000e+03 1.8472506552e+03 4.4749344827e+01
403 1.9000000000e+03 1.8965511252e+03 3.4488748073e+00
404 1.9250000000e+03 1.9154063103e+03 9.5936896885e+00
405 2.1880000000e+03 1.7355567158e+03 4.5244328417e+02
406 1.9620000000e+03 1.8343448175e+03 1.2765518250e+02
407 2.0540000000e+03 1.8828107187e+03 1.7118928132e+02
408 1.8840000000e+03 1.9013372296e+03 -1.7337229599e+01
409 1.8920000000e+03 1.7179504363e+03 1.7404956373e+02
410 2.0700000000e+03 1.8222531606e+03 2.4774683944e+02
411 1.9560000000e+03 1.8698386614e+03 8.6161338629e+01
412 1.8420000000e+03 1.8879990899e+03 -4.5999089892e+01
413 1.8080000000e+03 1.7088807341e+03 9.9119265936e+01
414 1.8810000000e+03 1.8043560307e+03 7.6643969269e+01
415 2.0770000000e+03 1.8575348008e+03 2.1946519923e+02
416 1.8560000000e+03 1.8752941820e+03 -1.9294181988e+01
417 1.8150000000e+03 1.7004180385e+03 1.1458196149e+02
418 1.7580000000e+03 1.7942775241e+03 -3.6277524075e+01
419 1.8790000000e+03 1.8397852321e+03 3.9214767874e+01
420 2.0490000000e+03 1.8631273862e+03 1.8587261379e+02
421 1.7580000000e+03 1.6924647674e+03 6.5535232630e+01
422 1.8460000000e+03 1.7846474647e+03 6.1352535345e+01
423 1.7380000000e+03 1.8291777145e+03 -9.1177714505e+01
424 1.8000000000e+03 1.8458782952e+03 -4.5878295202e+01
425 2.0340000000e+03 1.6849265415e+03 3.4907345847e+02
426 1.8120000000e+03 1.7753762372e+03 3.6623762779e+01
427 1.8150000000e+03 1.8188935631e+03 -3.8935630533e+00
428 1.8370000000e+03 1.8351222936e+03 1.8777064218e+00
429 1.7930000000e+03 1.6726564507e+03 1.2034354932e+02
430 2.0070000000e+03 1.7663778566e+03 2.4062214342e+02
431 1.8270000000e+03 1.8088502000e+03 1.8149800036e+01
432 1.7680000000e+03 1.8245804540e+03 -5.6580453969e+01
433 1.7560000000e+03 1.6662444852e+03 8.9755514824e+01
434 1.8620000000e+03 1.7529677781e+03 1.0903222191e+02
435 1.9160000000e+03 1.7989689845e+03 1.1703101553e+02
436 1.8100000000e+03 1.8141769115e+03 -4.1769115410e+00
437 1.7040000000e+03 1.6599316876e+03 4.4068312379e+01
438 1.7570000000e+03 1.7447954235e+03 1.2204576470e+01
439 1.6460000000e+03 1.7850055797e+03 -1.3900557974e+02
440 1.8250000000e+03 1.8038399571e+03 2.1160042903e+01
441 1.7480000000e+03 1.6536445387e+03 9.4355461260e+01
442 1.6290000000e+03 1.7366100451e+03 -1.0761004507e+02
443 1.6520000000e+03 1.7757103401e+03 -1.2371034008e+02
444 1.7380000000e+03 1.7897420648e+03 -5.1742064828e+01
445 1.8620000000e+03 1.6473139166e+03 2.1468608344e+02
446 1.7440000000e+03 1.7283472962e+03 1.5652703793e+01
447 1.6180000000e+03 1.7663177258e+03 -1.4831772577e+02
448 1.6350000000e+03 1.7797808604e+03 -1.4478086039e+02
449 1.6530000000e+03 1.6375004820e+03 1.5499517959e+01
450 1.8340000000e+03 1.7199472638e+03 1.1405273621e+02
451 1.6040000000e+03 1.7567711155e+03 -1.5277111545e+02
452 1.6250000000e+03 1.7696514329e+03 -1.4465143292e+02
453 1.6530000000e+03 1.6312949043e+03 2.1705095725e+01
454 1.5520000000e+03 1.7083399457e+03 -1.5633994572e+02
455 1.7830000000e+03 1.7470182953e+03 3.5981704672e+01
456 1.6300000000e+03 1.7593041685e+03 -1.2930416854e+02
457 1.6630000000e+03 1.6248230106e+03 3.8176989394e+01
458 1.6230000000e+03 1.6998674287e+03 -7.6867428748e+01
459 1.5910000000e+03 1.7343312672e+03 -1.4333126717e+02
460 1.7150000000e+03 1.7486937864e+03 -3.3693786389e+01
461 1.5960000000e+03 1.6180380546e+03 -2.2038054552e+01
462 1.5970000000e+03 1.6910653361e+03 -9.4065336051e+01
463 1.5760000000e+03 1.7243553315e+03 -1.4835533151e+02
464 1.5680000000e+03 1.7354075997e+03 -1.6740759974e+02
465 1.7580000000e+03 1.6108976396e+03 1.4710236039e+02
466 1.5110000000e+03 1.6818955407e+03 -1.7089554071e+02
467 1.4930000000e+03 1.7140066015e+03 -2.2100660153e+02
468 1.4890000000e+03 1.7244470560e+03 -2.3544705599e+02
469 1.5610000000e+03 1.6012748064e+03 -4.0274806437e+01
470 1.7030000000e+03 1.6723240653e+03 3.0675934742e+01
471 1.5170000000e+03 1.7032539065e+03 -1.8625390653e+02
472 1.4900000000e+03 1.7130799141e+03 -2.2307991409e+02
473 1.5510000000e+03 1.5935767172e+03 -4.2576717206e+01
474 1.4910000000e+03 1.6604899095e+03 -1.6948990946e+02
475 1.6660000000e+03 1.6920700162e+03 -2.6070016160e+01
476 1.6270000000e+03 1.7012810577e+03 -7.4281057718e+01
477 1.5460000000e+03 1.5853912081e+03 -3.9391208076e+01
478 1.4700000000e+03 1.6502633964e+03 -1.8026339639e+02
479 1.5170000000e+03 1.6788339551e+03 -1.6183395514e+02
480 1.6360000000e+03 1.6890290878e+03 -5.3029087815e+01
481 1.5440000000e+03 1.5766956456e+03 -3.2695645620e+01
482 1.5070000000e+03 1.6395299058e+03 -1.3252990577e+02
483 1.4980000000e+03 1.6669282868e+03 -1.6892828684e+02
484 1.5680000000e+03 1.6749189056e+03 -1.0691890555e+02
485 1.7000000000e+03 1.5674710390e+03 1.3252896100e+02
486 1.4890000000e+03 1.6282739248e+03 -1.3927392480e+02
487 1.4820000000e+03 1.6545076574e+03 -1.7250765744e+02
488 1.4830000000e+03 1.6618930496e+03 -1.7889304965e+02
489 1.5010000000e+03 1.5565028850e+03 -5.5502884972e+01
490 1.5790000000e+03 1.6164832808e+03 -3.7483280821e+01
491 1.5080000000e+03 1.6415620486e+03 -1.3356204857e+02
492 1.4700000000e+03 1.6483489063e+03 -1.7834890633e+02
493 1.4350000000e+03 1.5463368052e+03 -1.1133680520e+02
494 1.4340000000e+03 1.6031175690e+03 -1.6911756898e+02
495 1.5740000000e+03 1.6280845086e+03 -5.4084508637e+01
496 1.4270000000e+03 1.6342810332e+03 -2.0728103320e+02
497 1.4430000000e+03 1.5355856317e+03 -9.2585631690e+01
498 1.4260000000e+03 1.5903729162e+03 -1.6437291622e+02
499 1.3860000000e+03 1.6131879150e+03 -2.2718791499e+02
500 1.5710000000e+03 1.6196867908e+03 -4.8686790837e+01
501 1.4700000000e+03 1.5242457513e+03 -5.4245751350e+01
502 1.5340000000e+03 1.5770583448e+03 -4.3058344769e+01
503 1.4010000000e+03 1.5987579177e+03 -1.9775791766e+02
504 1.3950000000e+03 1.6038136638e+03 -2.0881366378e+02
505 1.5990000000e+03 1.5123162733e+03 8.6683726666e+01
506 1.4230000000e+03 1.5631755608e+03 -1.4017556077e+02
507 1.3790000000e+03 1.5837767813e+03 -2.0477678127e+02
508 1.3640000000e+03 1.5882734377e+03 -2.2427343773e+02
509 1.3420000000e+03 1.4991606253e+03 -1.5716062528e+02
510 1.5820000000e+03 1.5487286774e+03 3.3271322594e+01
511 1.4480000000e+03 1.5682501057e+03 -1.2025010570e+02
512 1.4090000000e+03 1.5722008665e+03 -1.6320086651e+02
513 1.3510000000e+03 1.4861489382e+03 -1.3514893820e+02
514 1.3200000000e+03 1.5331852786e+03 -2.1318527855e+02
515 1.5270000000e+03 1.5521856318e+03 -2.5185631845e+01
516 1.3470000000e+03 1.5556046130e+03 -2.0860461302e+02
517 1.2990000000e+03 1.4725481782e+03 -1.7354817817e+02
518 1.3870000000e+03 1.5177079388e+03 -1.3070793881e+02
519 1.3660000000e+03 1.5351404126e+03 -1.6914041262e+02
520 1.4690000000e+03 1.5384952373e+03 -6.9495237339e+01
521 1.3430000000e+03 1.4583682821e+03 -1.1536828209e+02
522 1.3390000000e+03 1.5016817132e+03 -1.6268171325e+02
523 1.3260000000e+03 1.5180964886e+03 -1.9209648859e+02
524 1.2550000000e+03 1.5205065049e+03 -2.6550650486e+02
525 1.4400000000e+03 1.4436210338e+03 -3.6210338384e+00
526 1.3540000000e+03 1.4851201421e+03 -1.3112014207e+02
527 1.3280000000e+03 1.5005406936e+03 -1.7254069361e+02
528 1.3520000000e+03 1.5024645449e+03 -1.5046454488e+02
529 1.2610000000e+03 1.4280048576e+03 -1.6700485764e+02
530 1.4640000000e+03 1.4680383291e+03 -4.0383291382e+00
531 1.2880000000e+03 1.4824890222e+03 -1.9448902219e+02
532 1.3600000000e+03 1.4839436741e+03 -1.2394367413e+02
533 1.2340000000e+03 1.4122113720e+03 -1.7821137200e+02
534 1.2290000000e+03 1.4501918103e+03 -2.2119181026e+02
535 1.3860000000e+03 1.4639588047e+03 -7.7958804698e+01
536 1.2820000000e+03 1.4649616486e+03 -1.8296164858e+02
537 1.3150000000e+03 1.3958892546e+03 -8.0889254607e+01
538 1.3310000000e+03 1.4321593330e+03 -1.0115933305e+02
539 1.2560000000e+03 1.4447533887e+03 -1.8875338868e+02
540 1.4580000000e+03 1.4455373596e+03 1.2462640386e+01
541 1.3200000000e+03 1.3790572031e+03 -5.9057203086e+01
542 1.2280000000e+03 1.4136546218e+03 -1.8565462180e+02
543 1.2540000000e+03 1.4253552482e+03 -1.7135524824e+02
544 1.1910000000e+03 1.4255141244e+03 -2.3451412444e+02
545 1.4890000000e+03 1.3617350336e+03 1.2726496642e+02
546 1.2280000000e+03 1.3946985149e+03 -1.6669851494e+02
547 1.2830000000e+03 1.4055327878e+03 -1.2253278784e+02
548 1.3050000000e+03 1.4052928834e+03 -1.0029288336e+02
549 1.1660000000e+03 1.3437993333e+03 -1.7779933333e+02
550 1.4610000000e+03 1.3753127326e+03 8.5687267400e+01
551 1.2350000000e+03 1.3853081263e+03 -1.5030812627e+02
552 1.2350000000e+03 1.3846878877e+03 -1.4968788773e+02
553 1.2590000000e+03 1.3255825414e+03 -6.6582541361e+01
554 1.2640000000e+03 1.3554025202e+03 -9.1402520202e+01
555 1.4210000000e+03 1.3647040803e+03 5.6295919713e+01
556 1.3120000000e+03 1.3637219983e+03 -5.1721998294e+01
557 1.2170000000e+03 1.3069374740e+03 -8.9937474040e+01
558 1.1660000000e+03 1.3352438447e+03 -1.6924384470e+02
559 1.2150000000e+03 1.3436491986e+03 -1.2864919860e+02
560 1.4750000000e+03 1.3424186191e+03 1.3258138089e+02
561 1.2520000000e+03 1.2878877986e+03 -3.5887798593e+01
562 1.1870000000e+03 1.3147222442e+03 -1.2772224417e+02
563 1.1830000000e+03 1.3223721035e+03 -1.3937210346e+02
564 1.2030000000e+03 1.3207252101e+03 -1.1772521007e+02
565 1.4500000000e+03 1.2684577293e+03 1.8154227073e+02
566 1.2890000000e+03 1.2938623494e+03 -4.8623493856e+00
567 1.1540000000e+03 1.3007850902e+03 -1.4678509020e+02
568 1.2080000000e+03 1.2988309685e+03 -9.0830968522e+01
569 1.1430000000e+03 1.2486107051e+03 -1.0561070506e+02
570 1.3760000000e+03 1.2726891473e+03 1.0331085275e+02
571 1.2910000000e+03 1.2789131574e+03 1.2086842554e+01
572 1.1040000000e+03 1.2766699982e+03 -1.7266999823e+02
573 1.1390000000e+03 1.2285041028e+03 -8.9504102784e+01
574 1.1440000000e+03 1.2511790510e+03 -1.0717905098e+02
575 1.3920000000e+03 1.2567815160e+03 1.3521848401e+02
576 1.1840000000e+03 1.2542672831e+03 -7.0267283131e+01
577 1.1520000000e+03 1.2080906572e+03 -5.6090657193e+01
578 1.1840000000e+03 1.2294631687e+03 -4.5463168653e+01
579 1.0910000000e+03 1.2343767283e+03 -1.4337672834e+02
580 1.4240000000e+03 1.2316479045e+03 1.9235209545e+02
581 1.1550000000e+03 1.1873961370e+03 -3.2396137045e+01
582 1.1520000000e+03 1.2075090524e+03 -5.5509052408e+01
583 1.1740000000e+03 1.2118081579e+03 -3.7808157919e+01
584 1.0680000000e+03 1.2088063219e+03 -1.4080632193e+02
585 1.3450000000e+03 1.1664464180e+03 1.7855358199e+02
586 1.1640000000e+03 1.1853425150e+03 -2.1342515006e+01
587 1.1420000000e+03 1.1890550512e+03 -4.7055051247e+01
588 1.0600000000e+03 1.1858340021e+03 -1.2583400211e+02
589 1.0750000000e+03 1.1452433048e+03 -7.0243304840e+01
590 1.3230000000e+03 1.1629893262e+03 1.6001067383e+02
591 1.1580000000e+03 1.1661428967e+03 -8.1428966821e+00
592 1.1170000000e+03 1.1627193669e+03 -4.5719366912e+01
593 1.0460000000e+03 1.1238649424e+03 -7.7864942377e+01
594 1.0760000000e+03 1.1404562768e+03 -6.4456276772e+01
595 1.3880000000e+03 1.1430970293e+03 2.4490297069e+02
596 1.1450000000e+03 1.1394873494e+03 5.5126505679e+00
597 1.1260000000e+03 1.1023083145e+03 2.3691685459e+01
598 1.0890000000e+03 1.1178098089e+03 -2.8809808878e+01
599 9.5100000000e+02 1.1199278684e+03 -1.6892786839e+02
600 1.4280000000e+03 1.1161626479e+03 3.1183735209e+02
601 1.1630000000e+03 1.0805991504e+03 8.2400849602e+01
602 1.1010000000e+03 1.0950526032e+03 5.9473968277e+00
603 1.0480000000e+03 1.0966921998e+03 -4.8692199841e+01
604 9.4900000000e+02 1.0927582698e+03 -1.4375826982e+02
605 1.3600000000e+03 1.0587629490e+03 3.0123705100e+02
606 1.1000000000e+03 1.0722097319e+03 2.7790268149e+01
607 1.0780000000e+03 1.0733969274e+03 4.6030726050e+00
608 1.0590000000e+03 1.0693230685e+03 -1.0323068495e+01
609 9.2500000000e+02 1.0368161228e+03 -1.1181612276e+02
610 1.3810000000e+03 1.0493059234e+03 3.3169407662e+02
611 1.1120000000e+03 1.0500662868e+03 6.1933713166e+01
612 1.0310000000e+03 1.0458670313e+03 -1.4867031311e+01
613 9.8800000000e+02 1.0148026910e+03 -2.6802690959e+01
614 9.6300000000e+02 1.0263587492e+03 -6.3358749215e+01
615 1.4040000000e+03 1.0267240894e+03 3.7727591057e+02
616 1.1010000000e+03 1.0224134711e+03 7.8586528889e+01
617 1.1460000000e+03 9.9273654917e+02 1.5326345083e+02
618 1.0270000000e+03 1.0034068307e+03 2.3593169285e+01
619 9.2400000000e+02 1.0033884741e+03 -7.9388474129e+01
620 1.3490000000e+03 9.9898522257e+02 3.5001477743e+02
621 1.1090000000e+03 9.7064179822e+02 1.3835820178e+02
622 1.0570000000e+03 9.8046542755e+02 7.6534572453e+01
623 9.7100000000e+02 9.8009360503e+02 -9.0936050255e+00
624 8.0600000000e+02 9.7560036508e+02 -1.6960036508e+02
625 1.3230000000e+03 9.4854205629e+02 3.7445794371e+02
626 1.0710000000e+03 9.5755747011e+02 1.1344252989e+02
627 1.0240000000e+03 9.5685549160e+02 6.7144508399e+01
628 8.9100000000e+02 9.5228983575e+02 -6.1289835746e+01
629 7.6400000000e+02 9.2645515895e+02 -1.6245515895e+02
630 1.3440000000e+03 9.3470532525e+02 4.0929467475e+02
631 1.0380000000e+03 9.3369586901e+02 1.0430413099e+02
632 9.7900000000e+02 9.2906976127e+02 4.9930238728e+01
633 8.1900000000e+02 9.0441460877e+02 -8.5414608767e+01
634 6.7700000000e+02 9.1191391626e+02 -2.3491391626e+02
635 1.3130000000e+03 9.1063585502e+02 4.0236414498e+02
636 1.0270000000e+03 9.0596072721e+02 1.2103927279e+02
637 9.0500000000e+02 8.8243653898e+02 2.2563461017e+01
638 8.2000000000e+02 8.8923798624e+02 -6.9237986240e+01
639 6.8100000000e+02 8.8761425623e+02 -2.0661425623e+02
640 1.3230000000e+03 8.8298267206e+02 4.4001732794e+02
641 1.0330000000e+03 8.6054227519e+02 1.7245772481e+02
642 9.4300000000e+02 8.6668117822e+02 7.6318821780e+01
643 7.3900000000e+02 8.6481224898e+02 -1.2581224898e+02
644 6.2100000000e+02 8.5977881728e+02 -2.3877881728e+02
645 1.3440000000e+03 8.3875248209e+02 5.0524751791e+02
646 9.5200000000e+02 8.4426329961e+02 1.0773670039e+02
647 8.5000000000e+02 8.4216915549e+02 7.8308445127e+00
648 7.3700000000e+02 8.3711165563e+02 -1.0011165563e+02
649 5.4800000000e+02 8.1558391864e+02 -2.6758391864e+02
650 1.2940000000e+03 8.2200344620e+02 4.7199655380e+02
651 9.1900000000e+02 8.1970336784e+02 9.9296632164e+01
652 8.0700000000e+02 8.1463119917e+02 -7.6311991705e+00
653 5.9800000000e+02 7.9403751985e+02 -1.9603751985e+02
654 4.8700000000e+02 7.9476843784e+02 -3.0776843784e+02
655 1.2630000000e+03 7.9743253764e+02 4.6556746236e+02
656 8.9400000000e+02 7.9235459133e+02 1.0164540867e+02
657 7.4600000000e+02 7.7265396112e+02 -2.6653961121e+01
658 5.7300000000e+02 7.7282338132e+02 -1.9982338132e+02
659 3.9000000000e+02 7.6026649018e+02 -3.7026649018e+02
660 1.3340000000e+03 7.7029822593e+02 5.6370177407e+02
661 8.5500000000e+02 7.5145106969e+02 1.0354893031e+02
662 6.7300000000e+02 7.5109207375e+02 -7.8092073755e+01
663 5.0200000000e+02 7.3835905042e+02 -2.3635905042e+02
664 3.6700000000e+02 7.1057979393e+02 -3.4357979393e+02
665 1.2410000000e+03 7.3044590190e+02 5.1055409810e+02
666 7.4800000000e+02 7.2959068307e+02 1.8409316930e+01
667 6.0200000000e+02 7.1670476440e+02 -1.1470476440e+02
668 3.9700000000e+02 6.8903484029e+02 -2.9203484029e+02
669 2.9300000000e+02 6.2833092174e+02 -3.3533092174e+02
670 1.2320000000e+03 7.0833457837e+02 5.2366542163e+02
671 6.9000000000e+02 6.9531831879e+02 -5.3183187941e+00
672 5.0100000000e+02 6.6778007129e+02 -1.6678007129e+02
673 3.6200000000e+02 6.0828478989e+02 -2.4628478989e+02
674 2.1200000000e+02 5.3806544187e+02 -3.2606544187e+02
675 1.2070000000e+03 6.7421358064e+02 5.3278641936e+02
676 6.6400000000e+02 6.4682868255e+02 1.7171317453e+01
677 4.2200000000e+02 5.8853341962e+02 -1.6653341962e+02
678 2.6300000000e+02 5.1913307056e+02 -2.5613307056e+02
679 1.6000000000e+02 4.1903260610e+02 -2.5903260610e+02
680 1.1110000000e+03 6.2619302629e+02 4.8480697371e+02
681 5.3900000000e+02 5.6908956949e+02 -3.0089569494e+01
682 3.4300000000e+02 5.0056355510e+02 -1.5756355510e+02
683 2.1600000000e+02 4.0265807271e+02 -1.8665807271e+02
684 9.9000000000e+01 2.9111982625e+02 -1.9211982625e+02
685 9.9700000000e+02 5.4996508893e+02 4.4703491107e+02
686 5.1300000000e+02 4.8236556759e+02 3.0634432414e+01
687 3.0000000000e+02 3.8668099428e+02 -8.6680994279e+01
688 1.4000000000e+02 2.7845344911e+02 -1.3845344911e+02
689 5.9000000000e+01 1.6957155429e+02 -1.1057155429e+02
690 9.4800000000e+02 4.6454685531e+02 4.8345314469e+02
691 3.9300000000e+02 3.7110492187e+02 2.1895078130e+01
692 1.9100000000e+02 2.6616690267e+02 -7.5166902666e+01
693 7.4000000000e+01 1.6151847145e+02 -8.7518471447e+01
694 2.8000000000e+01 9.1787117291e+01 -6.3787117291e+01
695 8.0900000000e+02 3.5593256661e+02 4.5306743339e+02
696 2.6500000000e+02 2.5425872063e+02 1.0741279371e+01
697 1.0800000000e+02 1.5374469049e+02 -4.5744690491e+01
698 4.3000000000e+01 8.6930596736e+01 -4.3930596736e+01
699 1.1000000000e+01 4.2498116057e+01 -3.1498116057e+01
700 6.8600000000e+02 2.4272681268e+02 4.4327318732e+02
701 1.9500000000e+02 1.4624691573e+02 4.8753084266e+01
702 4.5000000000e+01 8.2275840536e+01 -3.7275840536e+01
703 1.1000000000e+01 4.0020483934e+01 -2.9020483934e+01
704 2.0000000000e+00 1.6831271034e+01 -1.4831271034e+01
705 5.5000000000e+02 1.3902147412e+02 4.1097852588e+02
706 1.0000000000e+02 7.7818105610e+01 2.2181894390e+01
707 2.5000000000e+01 3.7662030623e+01 -1.2662030623e+01
708 3.0000000000e+00 1.5759820995e+01 -1.2759820995e+01
709 0.0000000000e+00 0.0000000000e+00 0.0000000000e+00
710 3.6400000000e+02 7.3552521476e+01 2.9044747852e+02
711 4.5000000000e+01 3.5418795653e+01 9.5812043469e+00
712 7.0000000000e+00 1.4746684555e+01 -7.7466845546e+00
713 0.0000000000e+00 0.0000000000e+00 0.0000000000e+00
714 0.0000000000e+00 0.0000000000e+00 0.0000000000e+00
715 2.1700000000e+02 3.3286829676e+01 1.8371317032e+02
716 1.0000000000e+01 1.3789425277e+01 -3.7894252771e+00
717 0.0000000000e+00 0.0000000000e+00 0.0000000000e+00
718 0.0000000000e+00 0.0000000000e+00 0.0000000000e+00
719 0.0000000000e+00 0.0000000000e+00 0.0000000000e+00
720 6.1000000000e+01 1.2885655941e+01 4.8114344059e+01
