# mark component_1_count component_2_count component_3_count total_fit_count data_count
0.0000000000e+00 1.2433366328e+03 8.5984629877e+02 3.3226193364e+02 2.4354448652e+03 2.2590000000e+03
1.0000000000e+00 1.1597277258e+03 7.6429937070e+02 5.8512384208e+01 1.9825394807e+03 1.0120000000e+03
2.0000000000e+00 1.2289037911e+03 7.8874433781e+02 9.1159123931e+01 2.1088072528e+03 1.0200000000e+03
3.0000000000e+00 1.3044286752e+03 8.1729582868e+02 1.3477395846e+02 2.2564984624e+03 9.6100000000e+02
4.0000000000e+00 1.3927549073e+03 8.5544195726e+02 1.9885299915e+02 2.4470498638e+03 1.0400000000e+03
5.0000000000e+00 1.3788486053e+03 8.1260862096e+02 5.9667393556e+01 2.2511246198e+03 2.5120000000e+03
6.0000000000e+00 1.4533493673e+03 8.3571903602e+02 8.8927628495e+01 2.3779960318e+03 1.4100000000e+03
7.0000000000e+00 1.5318474693e+03 8.6102497868e+02 1.2267423399e+02 2.5155466819e+03 1.3940000000e+03
8.0000000000e+00 1.6164367056e+03 8.9038825925e+02 1.6162174254e+02 2.6684467074e+03 1.3880000000e+03
9.0000000000e+00 1.6302736886e+03 8.6495294641e+02 6.2226782876e+01 2.5574534179e+03 1.5010000000e+03
1.0000000000e+01 1.7113651469e+03 8.8758116587e+02 9.0439726491e+01 2.6893860393e+03 3.4150000000e+03
1.1000000000e+01 1.7953531424e+03 9.1155033949e+02 1.1993108746e+02 2.8268345694e+03 2.1110000000e+03
1.2000000000e+01 1.8830878126e+03 9.3767398229e+02 1.4905546713e+02 2.9698172620e+03 1.9420000000e+03
1.3000000000e+01 1.9144341954e+03 9.2094671357e+02 6.5561889841e+01 2.9009427988e+03 1.9490000000e+03
1.4000000000e+01 2.0027061584e+03 9.4353742042e+02 9.3964314244e+01 3.0402078930e+03 2.0320000000e+03
1.5000000000e+01 2.0932194809e+03 9.6702162614e+02 1.2186740843e+02 3.1821085155e+03 4.5120000000e+03
1.6000000000e+01 2.1863616948e+03 9.9181101413e+02 1.4661962441e+02 3.3247923334e+03 2.6540000000e+03
1.7000000000e+01 2.2310781945e+03 9.8036575220e+02 6.9342230392e+01 3.2807861771e+03 2.4720000000e+03
1.8000000000e+01 2.3266564522e+03 1.0031788922e+03 9.8575554608e+01 3.4284108990e+03 2.6130000000e+03
1.9000000000e+01 2.4239857665e+03 1.0266189283e+03 1.2628882955e+02 3.5768935243e+03 2.5720000000e+03
2.0000000000e+01 2.5232509866e+03 1.0509209138e+03 1.4921475502e+02 3.7233866554e+03 5.7400000000e+03
2.1000000000e+01 2.5790191451e+03 1.0430623663e+03 7.3414761407e+01 3.6954962728e+03 3.4830000000e+03
2.2000000000e+01 2.6816326472e+03 1.0662586685e+03 1.0378964791e+02 3.8516809636e+03 3.1500000000e+03
2.3000000000e+01 2.7855531210e+03 1.0899101867e+03 1.3203031013e+02 4.0074936178e+03 3.1520000000e+03
2.4000000000e+01 2.8908661707e+03 1.1141589669e+03 1.5446075542e+02 4.1594858930e+03 3.2870000000e+03
2.5000000000e+01 2.9559573925e+03 1.1089236413e+03 7.7721491401e+01 4.1426025252e+03 7.1210000000e+03
2.6000000000e+01 3.0649581836e+03 1.1326065201e+03 1.0938285021e+02 4.3069475539e+03 4.2410000000e+03
2.7000000000e+01 3.1748116710e+03 1.1566248978e+03 1.3848746214e+02 4.4699240309e+03 3.6390000000e+03
2.8000000000e+01 3.2855511072e+03 1.1810702848e+03 1.6110438658e+02 4.6277257785e+03 3.8130000000e+03
2.9000000000e+01 3.3583600855e+03 1.1778478543e+03 8.2247197529e+01 4.6184551373e+03 3.9840000000e+03
3.0000000000e+01 3.4727312728e+03 1.2020864465e+03 1.1526917327e+02 4.7900868925e+03 8.4680000000e+03
3.1000000000e+01 3.5874631315e+03 1.2265692041e+03 1.4538196745e+02 4.9594143031e+03 4.8620000000e+03
3.2000000000e+01 3.7025603803e+03 1.2513600622e+03 1.6850101572e+02 5.1224214582e+03 4.4650000000e+03
3.3000000000e+01 3.7814014083e+03 1.2497408991e+03 8.6992625907e+01 5.1181349333e+03 4.5280000000e+03
3.4000000000e+01 3.8997686258e+03 1.2745721454e+03 1.2142396448e+02 5.2957647356e+03 4.5790000000e+03
3.5000000000e+01 4.0179552581e+03 1.2995828114e+03 1.5260634216e+02 5.4701444117e+03 9.9650000000e+03
3.6000000000e+01 4.1359511533e+03 1.3248098976e+03 1.7635581040e+02 5.6371168613e+03 5.6560000000e+03
3.7000000000e+01 4.2189693333e+03 1.3244960895e+03 9.1963510381e+01 5.6354289332e+03 5.2330000000e+03
3.8000000000e+01 4.3396234702e+03 1.3499461924e+03 1.2784520674e+02 5.8174148693e+03 5.0540000000e+03
3.9000000000e+01 4.4595056741e+03 1.3755134236e+03 1.6012841439e+02 5.9951475121e+03 5.1850000000e+03
4.0000000000e+01 4.5785999559e+03 1.4012342006e+03 1.8455519316e+02 6.1643893497e+03 1.1056000000e+04
4.1000000000e+01 4.6637445911e+03 1.4019977464e+03 9.7166914248e+01 6.1629092517e+03 6.5230000000e+03
4.2000000000e+01 4.7846797573e+03 1.4280756764e+03 1.3453781680e+02 6.3472932505e+03 5.7520000000e+03
4.3000000000e+01 4.9042086472e+03 1.4542196066e+03 1.6794353031e+02 6.5263717840e+03 5.6720000000e+03
4.4000000000e+01 5.0223163595e+03 1.4804534414e+03 1.9306471964e+02 6.6958345206e+03 5.8790000000e+03
4.5000000000e+01 5.1073545883e+03 1.4821158670e+03 1.0261021761e+02 6.6920806729e+03 1.2593000000e+04
4.6000000000e+01 5.2263228584e+03 1.5088186411e+03 1.4150845963e+02 6.8766499592e+03 7.2720000000e+03
4.7000000000e+01 5.3432209373e+03 1.5355410423e+03 1.7605535309e+02 7.0548173327e+03 6.4520000000e+03
4.8000000000e+01 5.4580409925e+03 1.5623018667e+03 2.0187859429e+02 7.2222214535e+03 6.3360000000e+03
4.9000000000e+01 5.5406006575e+03 1.5646973062e+03 1.0830087438e+02 7.2135988380e+03 6.5210000000e+03
5.0000000000e+01 5.6551832049e+03 1.5920181988e+03 1.4876412537e+02 7.3959655291e+03 1.3853000000e+04
5.1000000000e+01 5.7670205113e+03 1.6193087092e+03 1.8446957689e+02 7.5707987975e+03 7.7300000000e+03
5.2000000000e+01 5.8761173410e+03 1.6465908067e+03 2.1099958616e+02 7.7337077338e+03 7.0150000000e+03
5.3000000000e+01 5.9537519351e+03 1.6495902196e+03 1.1424635294e+02 7.7175885077e+03 6.7470000000e+03
5.4000000000e+01 6.0614444918e+03 1.6774918915e+03 1.5631179195e+02 7.8952481753e+03 6.6740000000e+03
5.5000000000e+01 6.1657277551e+03 1.7053382683e+03 1.9319221697e+02 8.0642582404e+03 1.4384000000e+04
5.6000000000e+01 6.2666242896e+03 1.7331237108e+03 2.2043250972e+02 8.2201805101e+03 7.9610000000e+03
5.7000000000e+01 6.3368939344e+03 1.7366043758e+03 1.2045411261e+02 8.1939524228e+03 7.5000000000e+03
5.8000000000e+01 6.4352030407e+03 1.7650642094e+03 1.6415834513e+02 8.3644255953e+03 7.1510000000e+03
5.9000000000e+01 6.5294741964e+03 1.7934170880e+03 2.0222920958e+02 8.5251204940e+03 7.0980000000e+03
6.0000000000e+01 6.6197525690e+03 1.8216885762e+03 2.3018246591e+02 8.6716236112e+03 1.5277000000e+04
6.1000000000e+01 6.6803150323e+03 1.8255360251e+03 1.2693158542e+02 8.6327826428e+03 8.5670000000e+03
6.2000000000e+01 6.7668603426e+03 1.8545153812e+03 1.7231054895e+02 8.7936862727e+03 7.7400000000e+03
6.3000000000e+01 6.8487995496e+03 1.8833470450e+03 2.1158632016e+02 8.9437329148e+03 7.4150000000e+03
6.4000000000e+01 6.9262046365e+03 1.9120419807e+03 2.4025443417e+02 9.0785010513e+03 7.2810000000e+03
6.5000000000e+01 6.9749101590e+03 1.9161612973e+03 1.3368615799e+02 9.0247576144e+03 1.5811000000e+04
6.6000000000e+01 7.0475272112e+03 1.9456142439e+03 1.8077502403e+02 9.1739164791e+03 8.9450000000e+03
6.7000000000e+01 7.1150547120e+03 1.9748785603e+03 2.2126911194e+02 9.3112023843e+03 7.9720000000e+03
6.8000000000e+01 7.1775948430e+03 2.0039649112e+03 2.5065318033e+02 9.4322129345e+03 7.6040000000e+03
6.9000000000e+01 7.2125783957e+03 2.0082178696e+03 1.4072515245e+02 9.3615214177e+03 7.6250000000e+03
7.0000000000e+01 7.2694158225e+03 2.0381099652e+03 1.8955822642e+02 9.4970840141e+03 1.6153000000e+04
7.1000000000e+01 7.3207866463e+03 2.0677536477e+03 2.3128292398e+02 9.6198232180e+03 8.9140000000e+03
7.2000000000e+01 7.3668255550e+03 2.0971780006e+03 2.6138322585e+02 9.7253867814e+03 8.1340000000e+03
7.3000000000e+01 7.3865902891e+03 2.1014781803e+03 1.4805580673e+02 9.6361242761e+03 7.7690000000e+03
7.4000000000e+01 7.4261954916e+03 2.1317088700e+03 1.9866642604e+02 9.7565707877e+03 7.8140000000e+03
7.5000000000e+01 7.4600811491e+03 2.1616954389e+03 2.4163285043e+02 9.8634094384e+03 1.6157000000e+04
7.6000000000e+01 7.4884154794e+03 2.1913974668e+03 2.7244882696e+02 9.9522617732e+03 9.0160000000e+03
7.7000000000e+01 7.4919016612e+03 2.1956414980e+03 1.5568525389e+02 9.8432284131e+03 8.2380000000e+03
7.8000000000e+01 7.5132894915e+03 2.2261682469e+03 2.0810568446e+02 9.9475634229e+03 7.9960000000e+03
7.9000000000e+01 7.5288414489e+03 2.2563789009e+03 2.5232371941e+02 1.0037544069e+04 7.7010000000e+03
8.0000000000e+01 7.5387588729e+03 2.2863217796e+03 2.8385395486e+02 1.0108934607e+04 1.5974000000e+04
8.1000000000e+01 7.5253935234e+03 2.2904065720e+03 1.6362050071e+02 9.9794205961e+03 8.9100000000e+03
8.2000000000e+01 7.5280935078e+03 2.3211583729e+03 2.1788183233e+02 1.0067133713e+04 8.1490000000e+03
8.3000000000e+01 7.5249843067e+03 2.3515503451e+03 2.6336007176e+02 1.0139894724e+04 7.8700000000e+03
8.4000000000e+01 7.5162984760e+03 2.3815947168e+03 2.9560227593e+02 1.0193495469e+04 7.9470000000e+03
8.5000000000e+01 7.4860222272e+03 2.3854549398e+03 1.7186840551e+02 1.0043345573e+04 1.5784000000e+04
8.6000000000e+01 7.4701012232e+03 2.4163555490e+03 2.2800044622e+02 1.0114457218e+04 8.9550000000e+03
8.7000000000e+01 7.4485405455e+03 2.4468517723e+03 2.7474613952e+02 1.0170138457e+04 8.1890000000e+03
8.8000000000e+01 7.4216005962e+03 2.4769567996e+03 3.0769713176e+02 1.0206254528e+04 7.7220000000e+03
8.9000000000e+01 7.3748698367e+03 2.4804046734e+03 1.8043565519e+02 1.0035710165e+04 7.7500000000e+03
9.0000000000e+01 7.3409286458e+03 2.5114206885e+03 2.3846682506e+02 1.0090816159e+04 1.5302000000e+04
9.1000000000e+01 7.3016532931e+03 2.5419393678e+03 2.8648582411e+02 1.0130078485e+04 8.8100000000e+03
9.2000000000e+01 7.2573273210e+03 2.5720226357e+03 3.2014151909e+02 1.0149491476e+04 7.9760000000e+03
9.3000000000e+01 7.1950914114e+03 2.5750014562e+03 1.8932874167e+02 9.9594216092e+03 7.7160000000e+03
9.4000000000e+01 7.1442356223e+03 2.6059412298e+03 2.4928596625e+02 9.9994628184e+03 7.8320000000e+03
9.5000000000e+01 7.0884741341e+03 2.6364560970e+03 2.9858267450e+02 1.0023512906e+04 1.4652000000e+04
9.6000000000e+01 7.0281078082e+03 2.6664310645e+03 3.3293806962e+02 1.0027476942e+04 8.6760000000e+03
9.7000000000e+01 6.9517628575e+03 2.6688377371e+03 1.9855393758e+02 9.8191545321e+03 7.9780000000e+03
9.8000000000e+01 6.8855499264e+03 2.6996707679e+03 2.6046254144e+02 9.8456832357e+03 7.6400000000e+03
9.9000000000e+01 6.8149642555e+03 2.7299590484e+03 3.1103986522e+02 9.8559631692e+03 7.4760000000e+03
1.0000000000e+02 6.7403173841e+03 2.7598101995e+03 3.4608902980e+02 9.8462166134e+03 1.4246000000e+04
1.0100000000e+02 6.6516396522e+03 2.7615421343e+03 2.0811727141e+02 9.6212990578e+03 8.4780000000e+03
1.0200000000e+02 6.5720057780e+03 2.7921762313e+03 2.7200087207e+02 9.6361828814e+03 7.7770000000e+03
1.0300000000e+02 6.4886139249e+03 2.8222185035e+03 3.2386017435e+02 9.6346926027e+03 7.3800000000e+03
1.0400000000e+02 6.4017791961e+03 2.8516869381e+03 3.5959624074e+02 9.6130623750e+03 7.3970000000e+03
1.0500000000e+02 6.3028424885e+03 2.8527350974e+03 2.1802450208e+02 9.3736020880e+03 1.3571000000e+04
1.0600000000e+02 6.2120140911e+03 2.8830755109e+03 2.8390490475e+02 9.3789945067e+03 8.2870000000e+03
1.0700000000e+02 6.1180987490e+03 2.9127767583e+03 3.3704596154e+02 9.3679214688e+03 7.3740000000e+03
1.0800000000e+02 6.0214079193e+03 2.9418584385e+03 3.7346111807e+02 9.3367274759e+03 7.3590000000e+03
1.0900000000e+02 5.9144902683e+03 2.9419167728e+03 2.2828109307e+02 9.0846881342e+03 7.2400000000e+03
1.1000000000e+02 5.8148857240e+03 2.9719813747e+03 2.9617818647e+02 9.0830452851e+03 1.3039000000e+04
1.1100000000e+02 5.7128947195e+03 3.0012448511e+03 3.5059914616e+02 9.0647387168e+03 8.0510000000e+03
1.1200000000e+02 5.6088181312e+03 3.0298430537e+03 3.8768463202e+02 9.0263458168e+03 7.4600000000e+03
1.1300000000e+02 5.4963035532e+03 3.0289262863e+03 2.3889218606e+02 8.7641220255e+03 7.1520000000e+03
1.1400000000e+02 5.3904312226e+03 3.0583630839e+03 3.0882383984e+02 8.7576181463e+03 7.1370000000e+03
1.1500000000e+02 5.2828757989e+03 3.0872319745e+03 3.6452118558e+02 8.7346289590e+03 1.2363000000e+04
1.1600000000e+02 5.1739212589e+03 3.1152491331e+03 4.0226728772e+02 8.6914376797e+03 7.6510000000e+03
1.1700000000e+02 5.0582024008e+03 3.1132616685e+03 2.4986257427e+02 8.4213266436e+03 7.0420000000e+03
1.1800000000e+02 4.9485609085e+03 3.1421115250e+03 3.2184453835e+02 8.4125169718e+03 6.8870000000e+03
1.1900000000e+02 4.8379176918e+03 3.1701755216e+03 3.7881305370e+02 8.3869062671e+03 6.9450000000e+03
1.2000000000e+02 4.7265344263e+03 3.1976866418e+03 4.1720910571e+02 8.3414301738e+03 1.1658000000e+04
1.2100000000e+02 4.6099215149e+03 3.1945361391e+03 2.6119667551e+02 8.0656543295e+03 7.3520000000e+03
1.2200000000e+02 4.4989076958e+03 3.2227008240e+03 3.3524248174e+02 8.0568510015e+03 7.0010000000e+03
1.2300000000e+02 4.3875295773e+03 3.2500332285e+03 3.9347521977e+02 8.0310380255e+03 6.6710000000e+03
1.2400000000e+02 4.2760222489e+03 3.2765594548e+03 4.3250960282e+02 7.9850913066e+03 6.5880000000e+03
1.2500000000e+02 4.1606629704e+03 3.2723680447e+03 2.7289850497e+02 7.7059295201e+03 1.0999000000e+04
1.2600000000e+02 4.0504920242e+03 3.2997502376e+03 3.4901937154e+02 7.6992616333e+03 7.1780000000e+03
1.2700000000e+02 3.9405321900e+03 3.3262545455e+03 4.0850762762e+02 7.6752943631e+03 6.7860000000e+03
1.2800000000e+02 3.8309889584e+03 3.3519091237e+03 4.4816777342e+02 7.6310658555e+03 6.6270000000e+03
1.2900000000e+02 3.7188028101e+03 3.3461282724e+03 2.8497164797e+02 7.3499027304e+03 6.5090000000e+03
1.3000000000e+02 3.6114440391e+03 3.3728877989e+03 3.6317638698e+02 7.3475082249e+03 1.0470000000e+04
1.3100000000e+02 3.5047962089e+03 3.3984693991e+03 4.2390967531e+02 7.3271752833e+03 6.9510000000e+03
1.3200000000e+02 3.3990335146e+03 3.4231588447e+03 4.6418207116e+02 7.2863744304e+03 6.4950000000e+03
1.3300000000e+02 3.2916629821e+03 3.4159640894e+03 2.9741923260e+02 7.0050463041e+03 6.3010000000e+03
1.3400000000e+02 3.1887931543e+03 3.4414446543e+03 3.7771416115e+02 7.0079519698e+03 6.3100000000e+03
1.3500000000e+02 3.0870497511e+03 3.4663201581e+03 4.3968019533e+02 6.9930501045e+03 1.0023000000e+04
1.3600000000e+02 2.9865752325e+03 3.4899538605e+03 4.8055039126e+02 6.9570794842e+03 6.6050000000e+03
1.3700000000e+02 2.8853547478e+03 3.4812727421e+03 3.1024390249e+02 6.6768713924e+03 6.3450000000e+03
1.3800000000e+02 2.7883298859e+03 3.5056916482e+03 3.9263275776e+02 6.6866542918e+03 6.1250000000e+03
1.3900000000e+02 2.6927584999e+03 3.5290935654e+03 4.5581743536e+02 6.6776695006e+03 6.1180000000e+03
1.4000000000e+02 2.5987521223e+03 3.5519554749e+03 4.9727005333e+02 6.6479776505e+03 9.4460000000e+03
1.4100000000e+02 2.5046946194e+03 3.5417221610e+03 3.2344778964e+02 6.3698645700e+03 6.4040000000e+03
1.4200000000e+02 2.4145395994e+03 3.5649931824e+03 4.0793164833e+02 6.3874644301e+03 6.0300000000e+03
1.4300000000e+02 2.3260770479e+03 3.5872073472e+03 4.7231903979e+02 6.3856034349e+03 5.9930000000e+03
1.4400000000e+02 2.2393892984e+03 3.6084000200e+03 5.1433778494e+02 6.3621271034e+03 5.7870000000e+03
1.4500000000e+02 2.1531890391e+03 3.5969997627e+03 3.3703248757e+02 6.0872212894e+03 9.0930000000e+03
1.4600000000e+02 2.0706034882e+03 3.6190412061e+03 4.2360969008e+02 6.1132543844e+03 6.1330000000e+03
1.4700000000e+02 1.9898654893e+03 3.6399879778e+03 4.8918203193e+02 6.1190354990e+03 5.9510000000e+03
1.4800000000e+02 1.9110307763e+03 3.6598777472e+03 5.3174970592e+02 6.1026582294e+03 5.7480000000e+03
1.4900000000e+02 1.8330801570e+03 3.6462865719e+03 3.5099902480e+02 5.8303657537e+03 5.8020000000e+03
1.5000000000e+02 1.7584582211e+03 3.6675504707e+03 4.3966510457e+02 5.8656737964e+03 8.5040000000e+03
1.5100000000e+02 1.6857622292e+03 3.6871556339e+03 5.0640279707e+02 5.8793206602e+03 6.0740000000e+03
1.5200000000e+02 1.6150245072e+03 3.7056705881e+03 5.4950131343e+02 5.8701964087e+03 5.7200000000e+03
1.5300000000e+02 1.5454423288e+03 3.6903759593e+03 3.6534783872e+02 5.6011661268e+03 5.5970000000e+03
1.5400000000e+02 1.4789031962e+03 3.7096345627e+03 4.5609545714e+02 5.6446332161e+03 5.4750000000e+03
1.5500000000e+02 1.4143013242e+03 3.7284563753e+03 5.2397706655e+02 5.6667347660e+03 8.0200000000e+03
1.5600000000e+02 1.3516490250e+03 3.7455308495e+03 5.6758746801e+02 5.6647673426e+03 5.7880000000e+03
1.5700000000e+02 1.2903167162e+03 3.7284994029e+03 3.8007875014e+02 5.3988948692e+03 5.5540000000e+03
1.5800000000e+02 1.2317430846e+03 3.7463176904e+03 4.7289763730e+02 5.4509584123e+03 5.4940000000e+03
1.5900000000e+02 1.1750616509e+03 3.7629253983e+03 5.4189990265e+02 5.4798869519e+03 5.3550000000e+03
1.6000000000e+02 1.1202686362e+03 3.7792395070e+03 5.8600238055e+02 5.4855105238e+03 7.8260000000e+03
1.6100000000e+02 1.0668715807e+03 3.7604471430e+03 3.9519093839e+02 5.2225096620e+03 5.6420000000e+03
1.6200000000e+02 1.0159522525e+03 3.7767679399e+03 4.9006784010e+02 5.2827880326e+03 5.3650000000e+03
1.6300000000e+02 9.6683538791e+02 3.7918509129e+03 5.6016568476e+02 5.3188519856e+03 5.2380000000e+03
1.6400000000e+02 9.1950449449e+02 3.8057405145e+03 6.0473960023e+02 5.3299846092e+03 5.1130000000e+03
1.6500000000e+02 8.7357540824e+02 3.7860403866e+03 4.1068291726e+02 5.0702987121e+03 7.3490000000e+03
1.6600000000e+02 8.2984950576e+02 3.8008139119e+03 5.0760154873e+02 5.1382649663e+03 5.3640000000e+03
1.6700000000e+02 7.8780305192e+02 3.8143254679e+03 5.7876809653e+02 5.1808966164e+03 5.2310000000e+03
1.6800000000e+02 7.4741031269e+02 3.8266218316e+03 6.2379200375e+02 5.1978241481e+03 4.9960000000e+03
1.6900000000e+02 7.0837161337e+02 3.8041190093e+03 4.2655251182e+02 4.9390431345e+03 5.0060000000e+03
1.7000000000e+02 6.7127172672e+02 3.8183172056e+03 5.2549351817e+02 5.0150824505e+03 7.0380000000e+03
1.7100000000e+02 6.3570567495e+02 3.8302186136e+03 5.9770011440e+02 5.0636244029e+03 5.3110000000e+03
1.7200000000e+02 6.0164164440e+02 3.8408862221e+03 6.4315178553e+02 5.0856796520e+03 4.9270000000e+03
1.7300000000e+02 5.6884589279e+02 3.8166108641e+03 4.4279683625e+02 4.8282535931e+03 4.9790000000e+03
1.7400000000e+02 5.3773751431e+02 3.8279944054e+03 5.4373776030e+02 4.9094696801e+03 4.8470000000e+03
1.7500000000e+02 5.0800489627e+02 3.8394344949e+03 6.1695399730e+02 4.9643933884e+03 6.6400000000e+03
1.7600000000e+02 4.7961230921e+02 3.8484462144e+03 6.6281044932e+02 4.9908689729e+03 5.1400000000e+03
1.7700000000e+02 4.5237739577e+02 3.8224141561e+03 4.5941227277e+02 4.7342038247e+03 4.9140000000e+03
1.7800000000e+02 4.2659480638e+02 3.8321518761e+03 5.6232753030e+02 4.8210742128e+03 4.7440000000e+03
1.7900000000e+02 4.0202492328e+02 3.8405475730e+03 6.3652127785e+02 4.8790937742e+03 4.7550000000e+03
1.8000000000e+02 3.7863122946e+02 3.8492500579e+03 6.8275880108e+02 4.9106400884e+03 6.5860000000e+03
1.8100000000e+02 3.5627066833e+02 3.8214872823e+03 4.7639445184e+02 4.6541524024e+03 5.0440000000e+03
1.8200000000e+02 3.3514599674e+02 3.8295626041e+03 5.8125531460e+02 4.7459639155e+03 4.7680000000e+03
1.8300000000e+02 3.1507339357e+02 3.8362859660e+03 6.5639275494e+02 4.8077521145e+03 4.6890000000e+03
1.8400000000e+02 2.9601653106e+02 3.8417092890e+03 7.0298694323e+02 4.8407127633e+03 4.7920000000e+03
1.8500000000e+02 2.7786397803e+02 3.8138247902e+03 4.9373823363e+02 4.5854270019e+03 6.2660000000e+03
1.8600000000e+02 2.6075091138e+02 3.8202298281e+03 6.0051282041e+02 4.6814935599e+03 4.7360000000e+03
1.8700000000e+02 2.4453670819e+02 3.8252766347e+03 6.7655848785e+02 4.7463718307e+03 4.6240000000e+03
1.8800000000e+02 2.2918677109e+02 3.8290192245e+03 7.2348427036e+02 4.7816902659e+03 4.5600000000e+03
1.8900000000e+02 2.1461348902e+02 3.7976536715e+03 5.1143769105e+02 4.5237048515e+03 4.4220000000e+03
1.9000000000e+02 2.0090513554e+02 3.8041930692e+03 6.2009096683e+02 4.6251891716e+03 6.0030000000e+03
1.9100000000e+02 1.8795333286e+02 3.8075678533e+03 6.9700779199e+02 4.6925289782e+03 4.6430000000e+03
1.9200000000e+02 1.7572637418e+02 3.8096378407e+03 7.4423946652e+02 4.7296036814e+03 4.4550000000e+03
1.9300000000e+02 1.6415549993e+02 3.7766846692e+03 5.2948609428e+02 4.4703262634e+03 4.4500000000e+03
1.9400000000e+02 1.5329530239e+02 3.7794690045e+03 6.3997987784e+02 4.5727441847e+03 4.3050000000e+03
1.9500000000e+02 1.4306378010e+02 3.7832438007e+03 7.1772923624e+02 4.6440368171e+03 5.6670000000e+03
1.9600000000e+02 1.3343145278e+02 3.7836579882e+03 7.6524050400e+02 4.6823299450e+03 4.4840000000e+03
1.9700000000e+02 1.2434466089e+02 3.7491823747e+03 5.4787589700e+02 4.4214029326e+03 4.3160000000e+03
1.9800000000e+02 1.1583531024e+02 3.7503316808e+03 6.6016887698e+02 4.5263358681e+03 4.4330000000e+03
1.9900000000e+02 1.0784044376e+02 3.7500850135e+03 7.3871064208e+02 4.5966360994e+03 4.3040000000e+03
2.0000000000e+02 1.0033521503e+02 3.7512075389e+03 7.8647464378e+02 4.6380173977e+03 5.5630000000e+03
2.0100000000e+02 9.3276492985e+01 3.7152834730e+03 5.6659872437e+02 4.3751586904e+03 4.4010000000e+03
2.0200000000e+02 8.6681553157e+01 3.7148245332e+03 6.8064648401e+02 4.4821525704e+03 4.3610000000e+03
2.0300000000e+02 8.0502376916e+01 3.7129791444e+03 7.5993908437e+02 4.5534206057e+03 4.2560000000e+03
2.0400000000e+02 7.4717123204e+01 3.7098038410e+03 8.0792843772e+02 4.5924494019e+03 4.1540000000e+03
2.0500000000e+02 6.9293215442e+01 3.6751580572e+03 5.8564536300e+02 4.3300966356e+03 5.2110000000e+03
2.0600000000e+02 6.4237119733e+01 3.6731257083e+03 7.0140041352e+02 4.4387632415e+03 4.3250000000e+03
2.0700000000e+02 5.9512687873e+01 3.6697200220e+03 7.8140089410e+02 4.5106336040e+03 4.1820000000e+03
2.0800000000e+02 5.5101440904e+01 3.6649991800e+03 8.2958773239e+02 4.5496883533e+03 4.0760000000e+03
2.0900000000e+02 5.0977545667e+01 3.6260322280e+03 6.0500575276e+02 4.2820155264e+03 4.0910000000e+03
2.1000000000e+02 4.7143209603e+01 3.6254449484e+03 7.2241757555e+02 4.3950057336e+03 5.0260000000e+03
2.1100000000e+02 4.3569672251e+01 3.6205249952e+03 8.0308166293e+02 4.4671763304e+03 4.1360000000e+03
2.1200000000e+02 4.0242017799e+01 3.6143079809e+03 8.5143767481e+02 4.5059876735e+03 4.0200000000e+03
2.1300000000e+02 3.7140186068e+01 3.5741737100e+03 6.2466898077e+02 4.2359828768e+03 4.0210000000e+03
2.1400000000e+02 3.4262568802e+01 3.5686885649e+03 7.4368407832e+02 4.3466352121e+03 3.9560000000e+03
2.1500000000e+02 3.1588785118e+01 3.5656407687e+03 8.2496624963e+02 4.4221958035e+03 4.9950000000e+03
2.1600000000e+02 2.9105197313e+01 3.5579839875e+03 8.7346271987e+02 4.4605519047e+03 3.8860000000e+03
2.1700000000e+02 2.6796792714e+01 3.5167861246e+03 6.4462327756e+02 4.1882061948e+03 3.9420000000e+03
2.1800000000e+02 2.4660387610e+01 3.5098905419e+03 7.6518523309e+02 4.2997361626e+03 3.9410000000e+03
2.1900000000e+02 2.2680149330e+01 3.5016254419e+03 8.4703878851e+02 4.3713443798e+03 3.9050000000e+03
2.2000000000e+02 2.0846606892e+01 3.4963076742e+03 8.9564663980e+02 4.4128009209e+03 4.9060000000e+03
2.2100000000e+02 1.9146755825e+01 3.4541554585e+03 6.6485601542e+02 4.1381582298e+03 3.9510000000e+03
2.2200000000e+02 1.7577360339e+01 3.4459127708e+03 7.8690556125e+02 4.2503956924e+03 3.8480000000e+03
2.2300000000e+02 1.6126547610e+01 3.4363287156e+03 8.6928269987e+02 4.3217379631e+03 3.7050000000e+03
2.2400000000e+02 1.4786293448e+01 3.4254609447e+03 9.1797253533e+02 4.3582197735e+03 3.7440000000e+03
2.2500000000e+02 1.3548189675e+01 3.3865912324e+03 6.8535370913e+02 4.0854931312e+03 4.6280000000e+03
2.2600000000e+02 1.2407412610e+01 3.3770704636e+03 8.0882880359e+02 4.1983066798e+03 4.0140000000e+03
2.2700000000e+02 1.1355618317e+01 3.3662393442e+03 8.9168070238e+02 4.2692756648e+03 3.7770000000e+03
2.2800000000e+02 1.0386535037e+01 3.3541565930e+03 9.4042284899e+02 4.3049659770e+03 3.7820000000e+03
2.2900000000e+02 9.4933185119e+00 3.3098708270e+03 7.0610201908e+02 4.0254661646e+03 3.7030000000e+03
2.3000000000e+02 8.6732653544e+00 3.3036991586e+03 8.3093793188e+02 4.1433103558e+03 4.4770000000e+03
2.3100000000e+02 7.9187033852e+00 3.2916977368e+03 9.1421482757e+02 4.2138312677e+03 3.7290000000e+03
2.3200000000e+02 7.2253017677e+00 3.2784792443e+03 9.6297938016e+02 4.2486839262e+03 3.6690000000e+03
2.3300000000e+02 6.5879341737e+00 3.2336130126e+03 7.2708575687e+02 3.9672867037e+03 3.7000000000e+03
2.3400000000e+02 6.0037536167e+00 3.2211474789e+03 8.5321516273e+02 4.0803663953e+03 3.6520000000e+03
2.3500000000e+02 5.4685385972e+00 3.2130612007e+03 9.3686643638e+02 4.1553961756e+03 4.3380000000e+03
2.3600000000e+02 4.9775452884e+00 3.1987901927e+03 9.8562330225e+02 4.1893910402e+03 3.5670000000e+03
2.3700000000e+02 4.5274537733e+00 3.1534665326e+03 7.4828889339e+02 3.9062828798e+03 3.4820000000e+03
2.3800000000e+02 4.1159350879e+00 3.1399822012e+03 8.7564197378e+02 4.0197401101e+03 3.5640000000e+03
2.3900000000e+02 3.7394667038e+00 3.1252262943e+03 9.5961623769e+02 4.0885819987e+03 3.5280000000e+03
2.4000000000e+02 3.3958490437e+00 3.1154640436e+03 1.0083351817e+03 4.1271950744e+03 4.1620000000e+03
2.4100000000e+02 3.0812886407e+00 3.0698071143e+03 7.6969456951e+02 3.8425829724e+03 3.6550000000e+03
2.4200000000e+02 2.7943947050e+00 3.0553894979e+03 8.9819912217e+02 3.9563830147e+03 3.5750000000e+03
2.4300000000e+02 2.5326175893e+00 3.0397435404e+03 9.8244430904e+02 4.0247204670e+03 3.5330000000e+03
2.4400000000e+02 2.2939132899e+00 3.0229246825e+03 1.0310949993e+03 4.0563135950e+03 3.5070000000e+03
2.4500000000e+02 2.0767505293e+00 2.9830199372e+03 7.9128510938e+02 3.7763817971e+03 4.0590000000e+03
2.4600000000e+02 1.8787999734e+00 2.9677568659e+03 9.2086666545e+02 3.8905023313e+03 3.5060000000e+03
2.4700000000e+02 1.6986466274e+00 2.9513103574e+03 1.0053301193e+03 3.9583391233e+03 3.4620000000e+03
2.4800000000e+02 1.5347958181e+00 2.9337363009e+03 1.0538821726e+03 3.9891532693e+03 3.4520000000e+03
2.4900000000e+02 1.3857807195e+00 2.8870366062e+03 8.1304203632e+02 3.7014644232e+03 3.2840000000e+03
2.5000000000e+02 1.2509699691e+00 2.8774775841e+03 9.4362398466e+02 3.8223525387e+03 4.1170000000e+03
2.5100000000e+02 1.1282618370e+00 2.8603213830e+03 1.0282525535e+03 3.8897021984e+03 3.5080000000e+03
2.5200000000e+02 1.0169450236e+00 2.8420842039e+03 1.0766755818e+03 3.9197767307e+03 3.3970000000e+03
2.5300000000e+02 9.1597396387e-01 2.7954557085e+03 8.3494609143e+02 3.6313177739e+03 3.3760000000e+03
2.5400000000e+02 8.2455404628e-01 2.7779798723e+03 9.6644980987e+02 3.7452542362e+03 3.3810000000e+03
2.5500000000e+02 7.4214735772e-01 2.7671733975e+03 1.0511899395e+03 3.8191054844e+03 3.9050000000e+03
2.5600000000e+02 6.6729448454e-01 2.7483655791e+03 1.0994535958e+03 3.8484864694e+03 3.3420000000e+03
2.5700000000e+02 5.9957627726e-01 2.7019279746e+03 8.5697725481e+02 3.5595048057e+03 3.3020000000e+03
2.5800000000e+02 5.3841568420e-01 2.6839147409e+03 9.8932224793e+02 3.6737754045e+03 3.3400000000e+03
2.5900000000e+02 4.8317337885e-01 2.6647821349e+03 1.0741200772e+03 3.7393853855e+03 3.2550000000e+03
2.6000000000e+02 4.3362140512e-01 2.6529762096e+03 1.1221941019e+03 3.7756039329e+03 3.7190000000e+03
2.6100000000e+02 3.8866762717e-01 2.6068460116e+03 8.7911476954e+02 3.4863494487e+03 3.3280000000e+03
2.6200000000e+02 3.4816775616e-01 2.5883852132e+03 1.0122188126e+03 3.6009521935e+03 3.2230000000e+03
2.6300000000e+02 3.1168030220e-01 2.5688579717e+03 1.0970202687e+03 3.6661899207e+03 3.2330000000e+03
2.6400000000e+02 2.7882722733e-01 2.5483150597e+03 1.1448745357e+03 3.6934684226e+03 3.2910000000e+03
2.6500000000e+02 2.4950819863e-01 2.5105975392e+03 9.0133716819e+02 3.4121842156e+03 3.7490000000e+03
2.6600000000e+02 2.2296235339e-01 2.4917778987e+03 1.0351164565e+03 3.5271173175e+03 3.2940000000e+03
2.6700000000e+02 1.9910738005e-01 2.4719450035e+03 1.1198673517e+03 3.5920114626e+03 3.1720000000e+03
2.6800000000e+02 1.7768314037e-01 2.4511494974e+03 1.1674719146e+03 3.6187990952e+03 3.0470000000e+03
2.6900000000e+02 1.5844704304e-01 2.4050628763e+03 9.2362230208e+02 3.3288436254e+03 3.2080000000e+03
2.7000000000e+02 1.4139906551e-01 2.3944713556e+03 1.0579916062e+03 3.4526043608e+03 3.6650000000e+03
2.7100000000e+02 1.2596121073e-01 2.3744198336e+03 1.1426377337e+03 3.5171835284e+03 3.2540000000e+03
2.7200000000e+02 1.1213160690e-01 2.3534585920e+03 1.1899628715e+03 3.5435335952e+03 3.1200000000e+03
2.7300000000e+02 9.9746405347e-02 2.3080511926e+03 9.4594737310e+02 3.2540983122e+03 3.0970000000e+03
2.7400000000e+02 8.8668272198e-02 2.2878367985e+03 1.0808201980e+03 3.3687456647e+03 3.2300000000e+03
2.7500000000e+02 7.8914638844e-02 2.2766480920e+03 1.1653074286e+03 3.4420344353e+03 3.6100000000e+03
2.7600000000e+02 7.0077793434e-02 2.2556052411e+03 1.2123236914e+03 3.4679990103e+03 3.1460000000e+03
2.7700000000e+02 6.2184175193e-02 2.2109731268e+03 9.6828896811e+02 3.1793242791e+03 3.0520000000e+03
2.7800000000e+02 5.5141161571e-02 2.1907055340e+03 1.1035777171e+03 3.2943383923e+03 2.9980000000e+03
2.7900000000e+02 4.8858193161e-02 2.1695041176e+03 1.1878520951e+03 3.3574050709e+03 2.9790000000e+03
2.8000000000e+02 4.3371364883e-02 2.1579387292e+03 1.2345303491e+03 3.3925124496e+03 3.4160000000e+03
2.8100000000e+02 3.8391202964e-02 2.1141716576e+03 9.9062309584e+02 3.1048331447e+03 2.9970000000e+03
2.8200000000e+02 3.3958748833e-02 2.0939283568e+03 1.1262392382e+03 3.2202015538e+03 2.9730000000e+03
2.8300000000e+02 3.0014623588e-02 2.0728077298e+03 1.2102470766e+03 3.2830848210e+03 2.9420000000e+03
2.8400000000e+02 2.6506942351e-02 2.0508546172e+03 1.2565585487e+03 3.3074396728e+03 3.0540000000e+03
2.8500000000e+02 2.3472128301e-02 2.0179738444e+03 1.0129252262e+03 3.0309225427e+03 3.5040000000e+03
2.8600000000e+02 2.0710719235e-02 1.9978286031e+03 1.1487794676e+03 3.1466287815e+03 3.0310000000e+03
2.8700000000e+02 1.8259745533e-02 1.9768614612e+03 1.2324674423e+03 3.2093471633e+03 2.8540000000e+03
2.8800000000e+02 1.6085498270e-02 1.9551166364e+03 1.2783837647e+03 3.2335164866e+03 2.8510000000e+03
2.8900000000e+02 1.4157456293e-02 1.9123176326e+03 1.0351703321e+03 2.9475021222e+03 2.9440000000e+03
2.9000000000e+02 1.2508522526e-02 1.9027117185e+03 1.1711727881e+03 3.0738970151e+03 3.3510000000e+03
2.9100000000e+02 1.1000752426e-02 1.8819664899e+03 1.2544880313e+03 3.1364655220e+03 2.9300000000e+03
2.9200000000e+02 9.6665946921e-03 1.8604969796e+03 1.2999812846e+03 3.1604879308e+03 2.8800000000e+03
2.9300000000e+02 8.4865285550e-03 1.8188523715e+03 1.0573329335e+03 2.8761937915e+03 2.8390000000e+03
2.9400000000e+02 7.4437003499e-03 1.7980909682e+03 1.1933933044e+03 2.9914917163e+03 2.6710000000e+03
2.9500000000e+02 6.5631966585e-03 1.7884044813e+03 1.2762834963e+03 3.0646945408e+03 3.3040000000e+03
2.9600000000e+02 5.7527570237e-03 1.7672726004e+03 1.3213262527e+03 3.0886046058e+03 2.7590000000e+03
2.9700000000e+02 5.0377457950e-03 1.7268415365e+03 1.0793871431e+03 2.8062337174e+03 2.9420000000e+03
2.9800000000e+02 4.4074748845e-03 1.7064382369e+03 1.2154148915e+03 2.9218575358e+03 2.8290000000e+03
2.9900000000e+02 3.8521004467e-03 1.6852992925e+03 1.2978283500e+03 2.9831314945e+03 2.8260000000e+03
3.0000000000e+02 3.3903261683e-03 1.6756996754e+03 1.3423937150e+03 3.0180967807e+03 3.2040000000e+03
3.0100000000e+02 2.9614408453e-03 1.6365336641e+03 1.1013067156e+03 2.7378433411e+03 2.8620000000e+03
3.0200000000e+02 2.5843358496e-03 1.6165419515e+03 1.2372112431e+03 2.8537557789e+03 2.6790000000e+03
3.0300000000e+02 2.2528896752e-03 1.5958688764e+03 1.3190970121e+03 2.9149681413e+03 2.7410000000e+03
3.0400000000e+02 1.9617477055e-03 1.5745531243e+03 1.3631586661e+03 2.9377137521e+03 2.7940000000e+03
3.0500000000e+02 1.7239703886e-03 1.5481557164e+03 1.1230650970e+03 2.6712225375e+03 3.1940000000e+03
3.0600000000e+02 1.5006015364e-03 1.5286240721e+03 1.2587559227e+03 2.7873814954e+03 2.7800000000e+03
3.0700000000e+02 1.3047780274e-03 1.5084632633e+03 1.3400638577e+03 2.8485284258e+03 2.7460000000e+03
3.0800000000e+02 1.1332077876e-03 1.4877109578e+03 1.3835960961e+03 2.8713081872e+03 2.5770000000e+03
3.0900000000e+02 9.8296998184e-04 1.4501765354e+03 1.1446354772e+03 2.5948129956e+03 2.8200000000e+03
3.1000000000e+02 8.6285596633e-04 1.4428844329e+03 1.2800224149e+03 2.7229077106e+03 3.0080000000e+03
3.1100000000e+02 7.4831902072e-04 1.4232771141e+03 1.3607032669e+03 2.7839811293e+03 2.7920000000e+03
3.1200000000e+02 6.4822531296e-04 1.4031272075e+03 1.4036810394e+03 2.8068088951e+03 2.6640000000e+03
3.1300000000e+02 5.6080441257e-04 1.3670372986e+03 1.1659908435e+03 2.5330287029e+03 2.5980000000e+03
3.1400000000e+02 4.8452045377e-04 1.3475379539e+03 1.3009841787e+03 2.6485226171e+03 2.6400000000e+03
3.1500000000e+02 4.2500045339e-04 1.3404827480e+03 1.3809896747e+03 2.7214728476e+03 2.8860000000e+03
3.1600000000e+02 3.6719044530e-04 1.3209689491e+03 1.4233886233e+03 2.7443579396e+03 2.6500000000e+03
3.1700000000e+02 3.1683095764e-04 1.2863416489e+03 1.1871040362e+03 2.4734460020e+03 2.6450000000e+03
3.1800000000e+02 2.7300128533e-04 1.2674893456e+03 1.3216147008e+03 2.5891043194e+03 2.6200000000e+03
3.1900000000e+02 2.3488080188e-04 1.2480940623e+03 1.4008976219e+03 2.6489919191e+03 2.6600000000e+03
3.2000000000e+02 2.0597029302e-04 1.2413810197e+03 1.4426941184e+03 2.6840753441e+03 3.0190000000e+03
3.2100000000e+02 1.7725055130e-04 1.2082272820e+03 1.2079478050e+03 2.4161752643e+03 2.6910000000e+03
3.2200000000e+02 1.5231993213e-04 1.1900467304e+03 1.3418875510e+03 2.5319344337e+03 2.5460000000e+03
3.2300000000e+02 1.3069422391e-04 1.1713706761e+03 1.4204018074e+03 2.5917726142e+03 2.5900000000e+03
3.2400000000e+02 1.1195233095e-04 1.1522320017e+03 1.4615729889e+03 2.6138051026e+03 2.5270000000e+03
3.2500000000e+02 9.8195168264e-05 1.1328102124e+03 1.2284948673e+03 2.3613051779e+03 2.8810000000e+03
3.2600000000e+02 8.4156349265e-05 1.1153212351e+03 1.3617764365e+03 2.4770977557e+03 2.5330000000e+03
3.2700000000e+02 7.2010957133e-05 1.0973815947e+03 1.4394771397e+03 2.5368588064e+03 2.3670000000e+03
3.2800000000e+02 6.1513528332e-05 1.0790228663e+03 1.4800009433e+03 2.5590238711e+03 2.4860000000e+03
3.2900000000e+02 5.2449486233e-05 1.0478698388e+03 1.2487179670e+03 2.2965878583e+03 2.4630000000e+03
3.3000000000e+02 4.6041953759e-05 1.0434029573e+03 1.3812552586e+03 2.4246582620e+03 2.8060000000e+03
3.3100000000e+02 3.9289146006e-05 1.0262121870e+03 1.4580987898e+03 2.4843110161e+03 2.5210000000e+03
3.3200000000e+02 3.3468383085e-05 1.0086431885e+03 1.4979539857e+03 2.5065972076e+03 2.4960000000e+03
3.3300000000e+02 2.8456249782e-05 9.7903008364e+02 1.2685899344e+03 2.2476200465e+03 2.4620000000e+03
3.3400000000e+02 2.4146050842e-05 9.6204297246e+02 1.4002981685e+03 2.3623411651e+03 2.4620000000e+03
3.3500000000e+02 2.1226426292e-05 9.5792767952e+02 1.4762422437e+03 2.4341699445e+03 2.7720000000e+03
3.3600000000e+02 1.8031165342e-05 9.4115370107e+02 1.5154084669e+03 2.4565621860e+03 2.4740000000e+03
3.3700000000e+02 1.5287392316e-05 9.1306197224e+02 1.2880837468e+03 2.2011457343e+03 2.4770000000e+03
3.3800000000e+02 1.2934473732e-05 8.9687112192e+02 1.4188796236e+03 2.3157507584e+03 2.3100000000e+03
3.3900000000e+02 1.0919414592e-05 8.8031001773e+02 1.4938833553e+03 2.3741933840e+03 2.3160000000e+03
3.4000000000e+02 9.6191385659e-06 8.7659608217e+02 1.5323411358e+03 2.4089372276e+03 2.7180000000e+03
3.4100000000e+02 8.1321755748e-06 8.5000190452e+02 1.3071725898e+03 2.1571745025e+03 2.3450000000e+03
3.4200000000e+02 6.8606150793e-06 8.3460515107e+02 1.4369744439e+03 2.2715796018e+03 2.3610000000e+03
3.4300000000e+02 5.7747636408e-06 8.1887594524e+02 1.5109983989e+03 2.3298743499e+03 2.4010000000e+03
3.4400000000e+02 4.8489823234e-06 8.0284181337e+02 1.5487291904e+03 2.3515710087e+03 2.3490000000e+03
3.4500000000e+02 4.2834718393e-06 7.8986865108e+02 1.3258299185e+03 2.1156985739e+03 2.6970000000e+03
3.4600000000e+02 3.6031899234e-06 7.7526011585e+02 1.4545578682e+03 2.2298179876e+03 2.3730000000e+03
3.4700000000e+02 3.0239363115e-06 7.6035421886e+02 1.5275641218e+03 2.2879183436e+03 2.4570000000e+03
3.4800000000e+02 2.5315243139e-06 7.4517700820e+02 1.5645503288e+03 2.3097273396e+03 2.3550000000e+03
3.4900000000e+02 2.1136895910e-06 7.2067977743e+02 1.3440295192e+03 2.0647092987e+03 2.2950000000e+03
3.5000000000e+02 1.8737826715e-06 7.1883480904e+02 1.4716056100e+03 2.1904404209e+03 2.6400000000e+03
3.5100000000e+02 1.5678796769e-06 7.0474028531e+02 1.5435577959e+03 2.2482980828e+03 2.3380000000e+03
3.5200000000e+02 1.3086056826e-06 6.9040544437e+02 1.5797827991e+03 2.2701882448e+03 2.3590000000e+03
3.5300000000e+02 1.0892632389e-06 6.6737575826e+02 1.3617455708e+03 2.0291213301e+03 2.3320000000e+03
3.5400000000e+02 9.0409797139e-07 6.5354899482e+02 1.4880939128e+03 2.1416429085e+03 2.3270000000e+03
3.5500000000e+02 8.0491971642e-07 6.5201479250e+02 1.5589572697e+03 2.2109720630e+03 2.5930000000e+03
3.5600000000e+02 6.6977469523e-07 6.3850482923e+02 1.5944054491e+03 2.2329102790e+03 2.3650000000e+03
3.5700000000e+02 5.5579044063e-07 6.1689777424e+02 1.3789527060e+03 1.9958504807e+03 2.2110000000e+03
3.5800000000e+02 4.5986403460e-07 6.0388855913e+02 1.5039996047e+03 2.1078881643e+03 2.2100000000e+03
3.5900000000e+02 3.7932063824e-07 5.9065184010e+02 1.5737410186e+03 2.1643928591e+03 2.2140000000e+03
3.6000000000e+02 3.3942195506e-07 5.8943960028e+02 1.6083977754e+03 2.1978373760e+03 2.5740000000e+03
3.6100000000e+02 2.8078499035e-07 5.6920747838e+02 1.3956260720e+03 1.9648335506e+03 2.2200000000e+03
3.6200000000e+02 2.3159078562e-07 5.5699343684e+02 1.5193001525e+03 2.0762935896e+03 2.2300000000e+03
3.6300000000e+02 1.9041661354e-07 5.4457903003e+02 1.5878881946e+03 2.1324672248e+03 2.2290000000e+03
3.6400000000e+02 1.5604484541e-07 5.3198672303e+02 1.6217399712e+03 2.1537266944e+03 2.1560000000e+03
3.6500000000e+02 1.4044920669e-07 5.2425495965e+02 1.4117413906e+03 1.9359963503e+03 2.5410000000e+03
3.6600000000e+02 1.1547526610e-07 5.1281169010e+02 1.5339737141e+03 2.0467854043e+03 2.1790000000e+03
3.6700000000e+02 9.4639476850e-08 5.0119280508e+02 1.6013786751e+03 2.1025714803e+03 2.2810000000e+03
3.6800000000e+02 7.7302627627e-08 4.8941925465e+02 1.6344129729e+03 2.1238322276e+03 2.2180000000e+03
3.6900000000e+02 6.2918534060e-08 4.7116438159e+02 1.4272750171e+03 1.8984393988e+03 2.1540000000e+03
3.7000000000e+02 5.7007305732e-08 4.7128135821e+02 1.5479991903e+03 2.0192805486e+03 2.3510000000e+03
3.7100000000e+02 4.6570075324e-08 4.6042960933e+02 1.6141931108e+03 2.0746227202e+03 2.2210000000e+03
3.7200000000e+02 3.7913990924e-08 4.4944422129e+02 1.6463985056e+03 2.0958427269e+03 2.1170000000e+03
3.7300000000e+02 3.0756178608e-08 4.3246671185e+02 1.4422039988e+03 1.8746707107e+03 2.0730000000e+03
3.7400000000e+02 2.4856201714e-08 4.2191355703e+02 1.5613562752e+03 1.9832698323e+03 2.1530000000e+03
3.7500000000e+02 2.2688545485e-08 4.2221738387e+02 1.6263129711e+03 2.0485303550e+03 2.4540000000e+03
3.7600000000e+02 1.8410397667e-08 4.1198840012e+02 1.6576791275e+03 2.0696675276e+03 2.1310000000e+03
3.7700000000e+02 1.4884626959e-08 3.9622953017e+02 1.4565061310e+03 1.8527356612e+03 2.1450000000e+03
3.7800000000e+02 1.1988372881e-08 3.8641901414e+02 1.5740255046e+03 1.9604445188e+03 2.1090000000e+03
3.7900000000e+02 9.6173699569e-09 3.7648868872e+02 1.6377205894e+03 2.0142092782e+03 2.0220000000e+03
3.8000000000e+02 8.8508151869e-09 3.7697153986e+02 1.6682382721e+03 2.0452098119e+03 2.3800000000e+03
3.8100000000e+02 7.1317051543e-09 3.6237220007e+02 1.4701600127e+03 1.8325322128e+03 2.1180000000e+03
3.8200000000e+02 5.7243885499e-09 3.5327049365e+02 1.5859883032e+03 1.9392587968e+03 2.1030000000e+03
3.8300000000e+02 4.5763299557e-09 3.4406615231e+02 1.6483992057e+03 1.9924653581e+03 2.0820000000e+03
3.8400000000e+02 3.6432419095e-09 3.3477676378e+02 1.6780602890e+03 2.0128370528e+03 2.0560000000e+03
3.8500000000e+02 3.3829587531e-09 3.3080856293e+02 1.4831451002e+03 1.8139536632e+03 2.2320000000e+03
3.8600000000e+02 2.7060725867e-09 3.2238146891e+02 1.5972270295e+03 1.9196084984e+03 2.0830000000e+03
3.8700000000e+02 2.1558251530e-09 3.1386708913e+02 1.6583330079e+03 1.9722000970e+03 2.0320000000e+03
3.8800000000e+02 1.7102100797e-09 3.0528159660e+02 1.6871304831e+03 1.9924120797e+03 2.0050000000e+03
3.8900000000e+02 1.3507613549e-09 2.9239642167e+02 1.4954417585e+03 1.7878381801e+03 1.9680000000e+03
3.9000000000e+02 1.2664538237e-09 2.9366119624e+02 1.6077250194e+03 1.9013862157e+03 2.1980000000e+03
3.9100000000e+02 1.0054097432e-09 2.8580076086e+02 1.6675071707e+03 1.9533079316e+03 2.0200000000e+03
3.9200000000e+02 7.9476403104e-10 2.7788153517e+02 1.6954351513e+03 1.9733166865e+03 2.0120000000e+03
3.9300000000e+02 6.2547046306e-10 2.6602298834e+02 1.5070313108e+03 1.7730542991e+03 1.9750000000e+03
3.9400000000e+02 4.8998862428e-10 2.5845961291e+02 1.6174666269e+03 1.8759262398e+03 1.9740000000e+03
3.9500000000e+02 4.6419895836e-10 2.5977342364e+02 1.6759078930e+03 1.9356813167e+03 2.1680000000e+03
3.9600000000e+02 3.6563895308e-10 2.5248318862e+02 1.7029616173e+03 1.9554448059e+03 1.9790000000e+03
3.9700000000e+02 2.8671780901e-10 2.4159029947e+02 1.5178960862e+03 1.7594863857e+03 1.9430000000e+03
3.9800000000e+02 2.2379396105e-10 2.3463846015e+02 1.6264372627e+03 1.8610757228e+03 1.9560000000e+03
3.9900000000e+02 1.7384831204e-10 2.2763953932e+02 1.6835224327e+03 1.9111619720e+03 1.8790000000e+03
4.0000000000e+02 1.6652922428e-10 2.2899126796e+02 1.7096982643e+03 1.9386895323e+03 2.1760000000e+03
4.0100000000e+02 1.3011294793e-10 2.1900447913e+02 1.5280194646e+03 1.7470239438e+03 2.0540000000e+03
4.0200000000e+02 1.0118663691e-10 2.1262722438e+02 1.6346234308e+03 1.8472506552e+03 1.8920000000e+03
4.0300000000e+02 7.8313410956e-11 2.0621198636e+02 1.6903391388e+03 1.8965511252e+03 1.9000000000e+03
4.0400000000e+02 6.0311561728e-11 1.9977174516e+02 1.7156345652e+03 1.9154063103e+03 1.9250000000e+03
4.0500000000e+02 5.8452442643e-11 1.9817079702e+02 1.5373859188e+03 1.7355567158e+03 2.1880000000e+03
4.0600000000e+02 4.5290672806e-11 1.9233205533e+02 1.6420127622e+03 1.8343448175e+03 1.9620000000e+03
4.0700000000e+02 3.4922661807e-11 1.8646323651e+02 1.6963474822e+03 1.8828107187e+03 2.0540000000e+03
4.0800000000e+02 2.6794163590e-11 1.8057611973e+02 1.7207611099e+03 1.9013372296e+03 1.8840000000e+03
4.0900000000e+02 2.0452712220e-11 1.7196938190e+02 1.5459810544e+03 1.7179504363e+03 1.8920000000e+03
4.1000000000e+02 2.0067976932e-11 1.7365911485e+02 1.6485940457e+03 1.8222531606e+03 2.0700000000e+03
4.1100000000e+02 1.5416384566e-11 1.6830057915e+02 1.7015380822e+03 1.8698386614e+03 1.9560000000e+03
4.1200000000e+02 1.1783623020e-11 1.6292945889e+02 1.7250696310e+03 1.8879990899e+03 1.8420000000e+03
4.1300000000e+02 8.9605948931e-12 1.5508908759e+02 1.5537916465e+03 1.7088807341e+03 1.8080000000e+03
4.1400000000e+02 6.7780613308e-12 1.4999877411e+02 1.6543572566e+03 1.8043560307e+03 1.8810000000e+03
4.1500000000e+02 6.7369017520e-12 1.5163206859e+02 1.7059027322e+03 1.8575348008e+03 2.0770000000e+03
4.1600000000e+02 5.1299724029e-12 1.4674115610e+02 1.7285530259e+03 1.8752941820e+03 1.8560000000e+03
4.1700000000e+02 3.8861147105e-12 1.3961236490e+02 1.5608056736e+03 1.7004180385e+03 1.8150000000e+03
4.1800000000e+02 2.9282726267e-12 1.3498394219e+02 1.6592935819e+03 1.7942775241e+03 1.7580000000e+03
4.1900000000e+02 2.1945852922e-12 1.3035081124e+02 1.7094344209e+03 1.8397852321e+03 1.8790000000e+03
4.2000000000e+02 2.2107892180e-12 1.3192200982e+02 1.7312053764e+03 1.8631273862e+03 2.0490000000e+03
4.2100000000e+02 1.6683449789e-12 1.2545241895e+02 1.5670123484e+03 1.6924647674e+03 1.7580000000e+03
4.2200000000e+02 1.2522889979e-12 1.2125202197e+02 1.6633954427e+03 1.7846474647e+03 1.8460000000e+03
4.2300000000e+02 9.3487600211e-13 1.1705036252e+02 1.7121273520e+03 1.8291777145e+03 1.7380000000e+03
4.2400000000e+02 6.9404538288e-13 1.1285632957e+02 1.7330219656e+03 1.8458782952e+03 1.8000000000e+03
4.2500000000e+02 7.0899998150e-13 1.1252439646e+02 1.5724021451e+03 1.6849265415e+03 2.0340000000e+03
4.2600000000e+02 5.3013122209e-13 1.0871972336e+02 1.6666565139e+03 1.7753762372e+03 1.8120000000e+03
4.2700000000e+02 3.9421865225e-13 1.0491660294e+02 1.7139769601e+03 1.8188935631e+03 1.8150000000e+03
4.2800000000e+02 2.9151569982e-13 1.0112300162e+02 1.7339992920e+03 1.8351222936e+03 1.8370000000e+03
4.2900000000e+02 2.1434519971e-13 9.5689627152e+01 1.5769668235e+03 1.6726564507e+03 1.7930000000e+03
4.3000000000e+02 2.2215019377e-13 9.7306116356e+01 1.6690717402e+03 1.7663778566e+03 2.0070000000e+03
4.3100000000e+02 1.6455107866e-13 9.3870275885e+01 1.7149799241e+03 1.8088502000e+03 1.8270000000e+03
4.3200000000e+02 1.2120277206e-13 9.0445374161e+01 1.7341350798e+03 1.8245804540e+03 1.7680000000e+03
4.3300000000e+02 8.8764420251e-14 8.5545034938e+01 1.5806994502e+03 1.6662444852e+03 1.7560000000e+03
4.3400000000e+02 6.4630963902e-14 8.2330428402e+01 1.6706373497e+03 1.7529677781e+03 1.8620000000e+03
4.3500000000e+02 6.7989762182e-14 8.3834807433e+01 1.7151341770e+03 1.7989689845e+03 1.9160000000e+03
4.3600000000e+02 4.9881391175e-14 8.0748623886e+01 1.7334282877e+03 1.8141769115e+03 1.8100000000e+03
4.3700000000e+02 3.6386128542e-14 7.6337272095e+01 1.5835944155e+03 1.6599316876e+03 1.7040000000e+03
4.3800000000e+02 2.6387407307e-14 7.3444560302e+01 1.6713508632e+03 1.7447954235e+03 1.7570000000e+03
4.3900000000e+02 1.9023163906e-14 7.0566666210e+01 1.7144389135e+03 1.7850055797e+03 1.6460000000e+03
4.4000000000e+02 2.0320709005e-14 7.1960844268e+01 1.7318791128e+03 1.8038399571e+03 1.8250000000e+03
4.4100000000e+02 1.4763981752e-14 6.7997091442e+01 1.5856474473e+03 1.6536445387e+03 1.7480000000e+03
4.4200000000e+02 1.0664000355e-14 6.5398943571e+01 1.6712111015e+03 1.7366100451e+03 1.6290000000e+03
4.4300000000e+02 7.6568662909e-15 6.2815746680e+01 1.7128945934e+03 1.7757103401e+03 1.6520000000e+03
4.4400000000e+02 5.4646343936e-15 6.0253071539e+01 1.7294889933e+03 1.7897420648e+03 1.7380000000e+03
4.4500000000e+02 5.9298108575e-15 6.0458295300e+01 1.5868556213e+03 1.6473139166e+03 1.8620000000e+03
4.4600000000e+02 4.2658928949e-15 5.8129107969e+01 1.6702181882e+03 1.7283472962e+03 1.7440000000e+03
4.4700000000e+02 3.0505812470e-15 5.5814783216e+01 1.7105029426e+03 1.7663177258e+03 1.6180000000e+03
4.4800000000e+02 2.1683243147e-15 5.3520254090e+01 1.7262606063e+03 1.7797808604e+03 1.6350000000e+03
4.4900000000e+02 1.5317984280e-15 5.0283114555e+01 1.5872173675e+03 1.6375004820e+03 1.6530000000e+03
4.5000000000e+02 1.6891380681e-15 5.1573713414e+01 1.6683735504e+03 1.7199472638e+03 1.8340000000e+03
4.5100000000e+02 1.2030299521e-15 4.9504164891e+01 1.7072669506e+03 1.7567711155e+03 1.6040000000e+03
4.5200000000e+02 8.5162176582e-16 4.7453568907e+01 1.7221978640e+03 1.7696514329e+03 1.6250000000e+03
4.5300000000e+02 5.9916084292e-16 4.4562430875e+01 1.5867324734e+03 1.6312949043e+03 1.6530000000e+03
4.5400000000e+02 4.1892597906e-16 4.2660030950e+01 1.6656799148e+03 1.7083399457e+03 1.5520000000e+03
4.5500000000e+02 4.6960390752e-16 4.3827430266e+01 1.7031908651e+03 1.7470182953e+03 1.7830000000e+03
4.5600000000e+02 3.3107608040e-16 4.1998262603e+01 1.7173059059e+03 1.7593041685e+03 1.6300000000e+03
4.5700000000e+02 2.3197492419e-16 3.9420927541e+01 1.5854020831e+03 1.6248230106e+03 1.6630000000e+03
4.5800000000e+02 1.6152608202e-16 3.7726126999e+01 1.6621413017e+03 1.6998674287e+03 1.6230000000e+03
4.5900000000e+02 1.1176447943e-16 3.6051084125e+01 1.6982801830e+03 1.7343312672e+03 1.5910000000e+03
4.6000000000e+02 1.2739916053e-16 3.7102698053e+01 1.7115910883e+03 1.7486937864e+03 1.7150000000e+03
4.6100000000e+02 8.8898347941e-17 3.4809361653e+01 1.5832286929e+03 1.6180380546e+03 1.5960000000e+03
4.6200000000e+02 6.1645379300e-17 3.3302320747e+01 1.6577630153e+03 1.6910653361e+03 1.5970000000e+03
4.6300000000e+02 4.2477481387e-17 3.1813692516e+01 1.6925416390e+03 1.7243553315e+03 1.5760000000e+03
4.6400000000e+02 2.9083200225e-17 3.0346629105e+01 1.7050609706e+03 1.7354075997e+03 1.5680000000e+03
4.6500000000e+02 3.3721011884e-17 3.0681495841e+01 1.5802161438e+03 1.6108976396e+03 1.7580000000e+03
4.6600000000e+02 2.3286819411e-17 2.9343910634e+01 1.6525516301e+03 1.6818955407e+03 1.5110000000e+03
4.6700000000e+02 1.5979498572e-17 2.8023411636e+01 1.6859831899e+03 1.7140066015e+03 1.4930000000e+03
4.6800000000e+02 1.0895164048e-17 2.6722757213e+01 1.6977242988e+03 1.7244470560e+03 1.4890000000e+03
4.6900000000e+02 7.3806924208e-18 2.4905196944e+01 1.5763696095e+03 1.6012748064e+03 1.5610000000e+03
4.7000000000e+02 8.7070468470e-18 2.5809090088e+01 1.6465149752e+03 1.6723240653e+03 1.7030000000e+03
4.7100000000e+02 5.9499907450e-18 2.4639909322e+01 1.6786139972e+03 1.7032539065e+03 1.5170000000e+03
4.7200000000e+02 4.0399122373e-18 2.3488928502e+01 1.6895909856e+03 1.7130799141e+03 1.4900000000e+03
4.7300000000e+02 2.7252937450e-18 2.1881135307e+01 1.5716955819e+03 1.5935767172e+03 1.5510000000e+03
4.7400000000e+02 1.8264980216e-18 2.0827794705e+01 1.6396621148e+03 1.6604899095e+03 1.4910000000e+03
4.7500000000e+02 2.1928934085e-18 2.1625610279e+01 1.6704444059e+03 1.6920700162e+03 1.6660000000e+03
4.7600000000e+02 1.4827093827e-18 2.0608969307e+01 1.6806720884e+03 1.7012810577e+03 1.6270000000e+03
4.7700000000e+02 9.9603237367e-19 1.9189355745e+01 1.5662018523e+03 1.5853912081e+03 1.5460000000e+03
4.7800000000e+02 6.6473539421e-19 1.8260070716e+01 1.6320033257e+03 1.6502633964e+03 1.4700000000e+03
4.7900000000e+02 4.4071763441e-19 1.7348034817e+01 1.6614859203e+03 1.6788339551e+03 1.5170000000e+03
4.8000000000e+02 5.3862371632e-19 1.8049304094e+01 1.6709797837e+03 1.6890290878e+03 1.6360000000e+03
4.8100000000e+02 3.6031050911e-19 1.6798155779e+01 1.5598974898e+03 1.5766956456e+03 1.5440000000e+03
4.8200000000e+02 2.3945276998e-19 1.5979833752e+01 1.6235500720e+03 1.6395299058e+03 1.5070000000e+03
4.8300000000e+02 1.5808586394e-19 1.5177109211e+01 1.6517511776e+03 1.6669282868e+03 1.4980000000e+03
4.8400000000e+02 1.0367570502e-19 1.4391566377e+01 1.6605273392e+03 1.6749189056e+03 1.5680000000e+03
4.8500000000e+02 1.2900993947e-19 1.4678222939e+01 1.5527928161e+03 1.5674710390e+03 1.7000000000e+03
4.8600000000e+02 8.5375222811e-20 1.3958948032e+01 1.6143149768e+03 1.6282739248e+03 1.4890000000e+03
4.8700000000e+02 5.6126094977e-20 1.3253739484e+01 1.6412539180e+03 1.6545076574e+03 1.4820000000e+03
4.8800000000e+02 3.6652447708e-20 1.2563966712e+01 1.6493290829e+03 1.6618930496e+03 1.4830000000e+03
4.8900000000e+02 2.3775379131e-20 1.1603508075e+01 1.5448993769e+03 1.5565028850e+03 1.5010000000e+03
4.9000000000e+02 3.0128965920e-20 1.2171490202e+01 1.6043117906e+03 1.6164832808e+03 1.5790000000e+03
4.9100000000e+02 1.9723105388e-20 1.1553096332e+01 1.6300089522e+03 1.6415620486e+03 1.5080000000e+03
4.9200000000e+02 1.2825255590e-20 1.0948535863e+01 1.6374003705e+03 1.6483489063e+03 1.4700000000e+03
4.9300000000e+02 8.2839586716e-21 1.0106894114e+01 1.5362299111e+03 1.5463368052e+03 1.4350000000e+03
4.9400000000e+02 5.3146644444e-21 9.5622108049e+00 1.5935553582e+03 1.6031175690e+03 1.4340000000e+03
4.9500000000e+02 6.8599973580e-21 1.0052381256e+01 1.6180321274e+03 1.6280845086e+03 1.5740000000e+03
4.9600000000e+02 4.4418682045e-21 9.5234842477e+00 1.6247575490e+03 1.6342810332e+03 1.4270000000e+03
4.9700000000e+02 2.8568239726e-21 8.7873158428e+00 1.5267983158e+03 1.5355856317e+03 1.4430000000e+03
4.9800000000e+02 1.8249980859e-21 8.3113347915e+00 1.5820615814e+03 1.5903729162e+03 1.4260000000e+03
4.9900000000e+02 1.1579397911e-21 7.8476260498e+00 1.6053402889e+03 1.6131879150e+03 1.3860000000e+03
5.0000000000e+02 1.5226547535e-21 8.2688715056e+00 1.6114179193e+03 1.6196867908e+03 1.5710000000e+03
5.0100000000e+02 9.7513263531e-22 7.6261416821e+00 1.5166196097e+03 1.5242457513e+03 1.4700000000e+03
5.0200000000e+02 6.2027207909e-22 7.2109639171e+00 1.5698473809e+03 1.5770583448e+03 1.5340000000e+03
5.0300000000e+02 3.9186899674e-22 6.8066761708e+00 1.5919512415e+03 1.5987579177e+03 1.4010000000e+03
5.0400000000e+02 2.4588113177e-22 6.4139675944e+00 1.5973996962e+03 1.6038136638e+03 1.3950000000e+03
5.0500000000e+02 3.2944136371e-22 6.6063809573e+00 1.5057098924e+03 1.5123162733e+03 1.5990000000e+03
5.0600000000e+02 2.0865793410e-22 6.2449066367e+00 1.5569306541e+03 1.5631755608e+03 1.4230000000e+03
5.0700000000e+02 1.3125848411e-22 5.8930744703e+00 1.5778837068e+03 1.5837767813e+03 1.3790000000e+03
5.0800000000e+02 8.2005183155e-23 5.5514721003e+00 1.5827219656e+03 1.5882734377e+03 1.3640000000e+03
5.0900000000e+02 5.0881743471e-23 5.0743225769e+00 1.4940863027e+03 1.4991606253e+03 1.3420000000e+03
5.1000000000e+02 6.9473636081e-23 5.3984447182e+00 1.5433302327e+03 1.5487286774e+03 1.5820000000e+03
5.1100000000e+02 4.3515606503e-23 5.0928257694e+00 1.5631572799e+03 1.5682501057e+03 1.4480000000e+03
5.1200000000e+02 2.7069944803e-23 4.7962253303e+00 1.5674046412e+03 1.5722008665e+03 1.4090000000e+03
5.1300000000e+02 1.6723710619e-23 4.3819648045e+00 1.4817669734e+03 1.4861489382e+03 1.3510000000e+03
5.1400000000e+02 1.0260551542e-23 4.1194424031e+00 1.5290658361e+03 1.5331852786e+03 1.3200000000e+03
5.1500000000e+02 1.4278859022e-23 4.3932483797e+00 1.5477923835e+03 1.5521856318e+03 1.5270000000e+03
5.1600000000e+02 8.8442916623e-24 4.1361950580e+00 1.5514684180e+03 1.5556046130e+03 1.3470000000e+03
5.1700000000e+02 5.4404120105e-24 3.7771939944e+00 1.4687709842e+03 1.4725481782e+03 1.2990000000e+03
5.1800000000e+02 3.3234533682e-24 3.5499138818e+00 1.5141580249e+03 1.5177079388e+03 1.3870000000e+03
5.1900000000e+02 2.0161528578e-24 3.3301927205e+00 1.5318102199e+03 1.5351404126e+03 1.3660000000e+03
5.2000000000e+02 2.8600130637e-24 3.5605120538e+00 1.5349347253e+03 1.5384952373e+03 1.4690000000e+03
5.2100000000e+02 1.7516974551e-24 3.2499695198e+00 1.4551183126e+03 1.4583682821e+03 1.3430000000e+03
5.2200000000e+02 1.0654561630e-24 3.0535621759e+00 1.4986281511e+03 1.5016817132e+03 1.3390000000e+03
5.2300000000e+02 6.4355364900e-25 2.8637660877e+00 1.5152327225e+03 1.5180964886e+03 1.3260000000e+03
5.2400000000e+02 3.8600745806e-25 2.6808271489e+00 1.5178256777e+03 1.5205065049e+03 1.2550000000e+03
5.2500000000e+02 5.5823138413e-25 2.7912509063e+00 1.4408297829e+03 1.4436210338e+03 1.4400000000e+03
5.2600000000e+02 3.3807136904e-25 2.6218345633e+00 1.4824983075e+03 1.4851201421e+03 1.3540000000e+03
5.2700000000e+02 2.0331615627e-25 2.4581889262e+00 1.4980825047e+03 1.5005406936e+03 1.3280000000e+03
5.2800000000e+02 1.2142105445e-25 2.3005199976e+00 1.5001640249e+03 1.5024645449e+03 1.3520000000e+03
5.2900000000e+02 7.2004979104e-26 2.0778439823e+00 1.4259270137e+03 1.4280048576e+03 1.2610000000e+03
5.3000000000e+02 1.0617144071e-25 2.2470532717e+00 1.4657912759e+03 1.4680383291e+03 1.4640000000e+03
5.3100000000e+02 6.3574737212e-26 2.1062140961e+00 1.4803828081e+03 1.4824890222e+03 1.2880000000e+03
5.3200000000e+02 3.7802188302e-26 1.9705739010e+00 1.4819731002e+03 1.4839436741e+03 1.3600000000e+03
5.3300000000e+02 2.2319934043e-26 1.7790089951e+00 1.4104323630e+03 1.4122113720e+03 1.2340000000e+03
5.3400000000e+02 1.3086004798e-26 1.6613371118e+00 1.4485304731e+03 1.4501918103e+03 1.2290000000e+03
5.3500000000e+02 1.9675352770e-26 1.8013550170e+00 1.4621574497e+03 1.4639588047e+03 1.3860000000e+03
5.3600000000e+02 1.1648345799e-26 1.6848799194e+00 1.4632767687e+03 1.4649616486e+03 1.2820000000e+03
5.3700000000e+02 6.8477326706e-27 1.5203811014e+00 1.3943688735e+03 1.3958892546e+03 1.3150000000e+03
5.3800000000e+02 3.9972807163e-27 1.4194358401e+00 1.4307398972e+03 1.4321593330e+03 1.3310000000e+03
5.3900000000e+02 2.3168970923e-27 1.3226210059e+00 1.4434307677e+03 1.4447533887e+03 1.2560000000e+03
5.4000000000e+02 3.5525130458e-27 1.4379861285e+00 1.4440993735e+03 1.4455373596e+03 1.4580000000e+03
5.4100000000e+02 2.0793325612e-27 1.2969877991e+00 1.3777602153e+03 1.3790572031e+03 1.3200000000e+03
5.4200000000e+02 1.2084945402e-27 1.2105503481e+00 1.4124440714e+03 1.4136546218e+03 1.2280000000e+03
5.4300000000e+02 6.9740829086e-28 1.1276813048e+00 1.4242275669e+03 1.4253552482e+03 1.2540000000e+03
5.4400000000e+02 3.9961601794e-28 1.0484416992e+00 1.4244656827e+03 1.4255141244e+03 1.1910000000e+03
5.4500000000e+02 6.2491958439e-28 1.1044051630e+00 1.3606306284e+03 1.3617350336e+03 1.4890000000e+03
5.4600000000e+02 3.6161545020e-28 1.0305261990e+00 1.3936679887e+03 1.3946985149e+03 1.2280000000e+03
5.4700000000e+02 2.0777292997e-28 9.5972413189e-01 1.4045730637e+03 1.4055327878e+03 1.2830000000e+03
5.4800000000e+02 1.1853371986e-28 8.9204835229e-01 1.4044008350e+03 1.4052928834e+03 1.3050000000e+03
5.4900000000e+02 6.7141964582e-29 7.9446879769e-01 1.3430048645e+03 1.3437993333e+03 1.1660000000e+03
5.5000000000e+02 1.0709551328e-28 8.7567773641e-01 1.3744370549e+03 1.3753127326e+03 1.4610000000e+03
5.5100000000e+02 6.1264952827e-29 8.1529639090e-01 1.3844928299e+03 1.3853081263e+03 1.2350000000e+03
5.5200000000e+02 3.4798580141e-29 7.5760277036e-01 1.3839302850e+03 1.3846878877e+03 1.2350000000e+03
5.5300000000e+02 1.9624929208e-29 6.7441346998e-01 1.3249081279e+03 1.3255825414e+03 1.2590000000e+03
5.5400000000e+02 1.0988863166e-29 6.2548865772e-01 1.3547770315e+03 1.3554025202e+03 1.2640000000e+03
5.5500000000e+02 1.7879538785e-29 6.9134319939e-01 1.3640127371e+03 1.3647040803e+03 1.4210000000e+03
5.5600000000e+02 1.0111172442e-29 6.4224948134e-01 1.3630797488e+03 1.3637219983e+03 1.3120000000e+03
5.5700000000e+02 5.6773003469e-30 5.7145796827e-01 1.3063660161e+03 1.3069374740e+03 1.2170000000e+03
5.5800000000e+02 3.1650308959e-30 5.2986534827e-01 1.3347139794e+03 1.3352438447e+03 1.1660000000e+03
5.5900000000e+02 1.7518569090e-30 4.9029786834e-01 1.3431589007e+03 1.3436491986e+03 1.2150000000e+03
5.6000000000e+02 2.9077809975e-30 5.4346930500e-01 1.3418751498e+03 1.3424186191e+03 1.4750000000e+03
5.6100000000e+02 1.6255306804e-30 4.8333808410e-01 1.2874044605e+03 1.2878877986e+03 1.2520000000e+03
5.6200000000e+02 9.0223996619e-31 4.4804357201e-01 1.3142742006e+03 1.3147222442e+03 1.1870000000e+03
5.6300000000e+02 4.9720051493e-31 4.1447935318e-01 1.3219576241e+03 1.3223721035e+03 1.1830000000e+03
5.6400000000e+02 2.7203031535e-31 3.8264617493e-01 1.3203425639e+03 1.3207252101e+03 1.2030000000e+03
5.6500000000e+02 4.6064654104e-31 4.0806223737e-01 1.2680496670e+03 1.2684577293e+03 1.4500000000e+03
5.6600000000e+02 2.5455692152e-31 3.7816700634e-01 1.2934841824e+03 1.2938623494e+03 1.2890000000e+03
5.6700000000e+02 1.3966342195e-31 3.4974735243e-01 1.3004353428e+03 1.3007850902e+03 1.1540000000e+03
5.6800000000e+02 7.6077252422e-32 3.2280274650e-01 1.2985081658e+03 1.2988309685e+03 1.2080000000e+03
5.6900000000e+02 4.1142049301e-32 2.8264841250e-01 1.2483280566e+03 1.2486107051e+03 1.1430000000e+03
5.7000000000e+02 7.1083094705e-32 3.1860726389e-01 1.2723705400e+03 1.2726891473e+03 1.3760000000e+03
5.7100000000e+02 3.8828605273e-32 2.9458769852e-01 1.2786185697e+03 1.2789131574e+03 1.2910000000e+03
5.7200000000e+02 2.1057644969e-32 2.7182267900e-01 1.2763981756e+03 1.2766699982e+03 1.1040000000e+03
5.7300000000e+02 1.1337713852e-32 2.3789615259e-01 1.2282662066e+03 1.2285041028e+03 1.1390000000e+03
5.7400000000e+02 6.0605564972e-33 2.1909013557e-01 1.2509599608e+03 1.2511790510e+03 1.1440000000e+03
5.7500000000e+02 1.0684119645e-32 2.4767571061e-01 1.2565338403e+03 1.2567815160e+03 1.3920000000e+03
5.7600000000e+02 5.7687549147e-33 2.2847715299e-01 1.2540388060e+03 1.2542672831e+03 1.1840000000e+03
5.7700000000e+02 3.0923015926e-33 1.9986490923e-01 1.2078907923e+03 1.2080906572e+03 1.1520000000e+03
5.7800000000e+02 1.6457003774e-33 1.8401953733e-01 1.2292791491e+03 1.2294631687e+03 1.1840000000e+03
5.7900000000e+02 8.6950787357e-34 1.6906951600e-01 1.2342076588e+03 1.2343767283e+03 1.0910000000e+03
5.8000000000e+02 1.5641252714e-33 1.9169398768e-01 1.2314562106e+03 1.2316479045e+03 1.4240000000e+03
5.8100000000e+02 8.3474693190e-34 1.6760769266e-01 1.1872285294e+03 1.1873961370e+03 1.1550000000e+03
5.8200000000e+02 4.4228804039e-34 1.5428130355e-01 1.2073547711e+03 1.2075090524e+03 1.1520000000e+03
5.8300000000e+02 2.3265257012e-34 1.4171203966e-01 1.2116664459e+03 1.2118081579e+03 1.1740000000e+03
5.8400000000e+02 1.2149484156e-34 1.2988925098e-01 1.2086764327e+03 1.2088063219e+03 1.0680000000e+03
5.8500000000e+02 2.2302025614e-34 1.4030062608e-01 1.1663061174e+03 1.1664464180e+03 1.3450000000e+03
5.8600000000e+02 1.1764558915e-34 1.2911328171e-01 1.1852134017e+03 1.1853425150e+03 1.1640000000e+03
5.8700000000e+02 6.1610930881e-35 1.1856498025e-01 1.1889364863e+03 1.1890550512e+03 1.1420000000e+03
5.8800000000e+02 3.2032126773e-35 1.0864633248e-01 1.1857253558e+03 1.1858340021e+03 1.0600000000e+03
5.8900000000e+02 1.6532135811e-35 9.3120685306e-02 1.1451501842e+03 1.1452433048e+03 1.0750000000e+03
5.9000000000e+02 3.0971482352e-35 1.0785413382e-01 1.1628814720e+03 1.1629893262e+03 1.3230000000e+03
5.9100000000e+02 1.6148163493e-35 9.9018048517e-02 1.1660438786e+03 1.1661428967e+03 1.1580000000e+03
5.9200000000e+02 8.3585076020e-36 9.0712087991e-02 1.1626286548e+03 1.1627193669e+03 1.1170000000e+03
5.9300000000e+02 4.2948626621e-36 7.7711099082e-02 1.1237872313e+03 1.1238649424e+03 1.0460000000e+03
5.9400000000e+02 2.1909553330e-36 7.1058652270e-02 1.1403852181e+03 1.1404562768e+03 1.0760000000e+03
5.9500000000e+02 4.1889369981e-36 8.2543054871e-02 1.1430144863e+03 1.1430970293e+03 1.3880000000e+03
5.9600000000e+02 2.1586718023e-36 7.5600295213e-02 1.1394117491e+03 1.1394873494e+03 1.1450000000e+03
5.9700000000e+02 1.1042923519e-36 6.4733314469e-02 1.1022435812e+03 1.1023083145e+03 1.1260000000e+03
5.9800000000e+02 5.6084483238e-37 5.9177591452e-02 1.1177506313e+03 1.1178098089e+03 1.0890000000e+03
5.9900000000e+02 2.8276842376e-37 5.3979078290e-02 1.1198738893e+03 1.1199278684e+03 9.5100000000e+02
6.0000000000e+02 5.5177152548e-37 6.2891225069e-02 1.1160997567e+03 1.1161626479e+03 1.4280000000e+03
6.0100000000e+02 2.8101739378e-37 5.3824566706e-02 1.0805453258e+03 1.0805991504e+03 1.1630000000e+03
6.0200000000e+02 1.4209078313e-37 4.9193248624e-02 1.0950034099e+03 1.0950526032e+03 1.1010000000e+03
6.0300000000e+02 7.1322564350e-38 4.4861032884e-02 1.0966473388e+03 1.0966921998e+03 1.0480000000e+03
6.0400000000e+02 3.5539592550e-38 4.0819827532e-02 1.0927174500e+03 1.0927582698e+03 9.4900000000e+02
6.0500000000e+02 7.0777722102e-38 4.4672591361e-02 1.0587182764e+03 1.0587629490e+03 1.3600000000e+03
6.0600000000e+02 3.5628945791e-38 4.0818930435e-02 1.0721689129e+03 1.0722097319e+03 1.1000000000e+03
6.0700000000e+02 1.7804776219e-38 3.7215252129e-02 1.0733597121e+03 1.0733969274e+03 1.0780000000e+03
6.0800000000e+02 8.8326981620e-39 3.3854664171e-02 1.0692892138e+03 1.0693230685e+03 1.0590000000e+03
6.0900000000e+02 4.3489567604e-39 2.8207377085e-02 1.0367879154e+03 1.0368161228e+03 9.2500000000e+02
6.1000000000e+02 8.8420671853e-39 3.3808479367e-02 1.0492721149e+03 1.0493059234e+03 1.3810000000e+03
6.1100000000e+02 4.3990562963e-39 3.0816304426e-02 1.0500354705e+03 1.0500662868e+03 1.1120000000e+03
6.1200000000e+02 2.1726383234e-39 2.8026814648e-02 1.0458390045e+03 1.0458670313e+03 1.0310000000e+03
6.1300000000e+02 1.0650062038e-39 2.3339800907e-02 1.0147793512e+03 1.0148026910e+03 9.8800000000e+02
6.1400000000e+02 5.1834998305e-40 2.1189274863e-02 1.0263375599e+03 1.0263587492e+03 9.6300000000e+02
6.1500000000e+02 1.0757115961e-39 2.5471119835e-02 1.0266986183e+03 1.0267240894e+03 1.4040000000e+03
6.1600000000e+02 5.2892547798e-40 2.3159909576e-02 1.0223903112e+03 1.0224134711e+03 1.1010000000e+03
6.1700000000e+02 2.5812601251e-40 1.9276988139e-02 9.9271727218e+02 9.9273654917e+02 1.1460000000e+03
6.1800000000e+02 1.2507515354e-40 1.7496725182e-02 1.0033893340e+03 1.0034068307e+03 1.0270000000e+03
6.1900000000e+02 6.0161698096e-41 1.5844629970e-02 1.0033726295e+03 1.0033884741e+03 9.2400000000e+02
6.2000000000e+02 1.2744254892e-40 1.9103276621e-02 9.9896611929e+02 9.9898522257e+02 1.3490000000e+03
6.2100000000e+02 6.1918996237e-41 1.5892374970e-02 9.7062590584e+02 9.7064179822e+02 1.1090000000e+03
6.2200000000e+02 2.9869724485e-41 1.4421320655e-02 9.8045100623e+02 9.8046542755e+02 1.0570000000e+03
6.2300000000e+02 1.4303666320e-41 1.3056568150e-02 9.8008054846e+02 9.8009360503e+02 9.7100000000e+02
6.2400000000e+02 6.7993806353e-42 1.1793981802e-02 9.7558857110e+02 9.7560036508e+02 8.0600000000e+02
6.2500000000e+02 1.4700376440e-41 1.3078141044e-02 9.4852897815e+02 9.4854205629e+02 1.3230000000e+03
6.2600000000e+02 7.0599808325e-42 1.1864812605e-02 9.5754560529e+02 9.5755747011e+02 1.0710000000e+03
6.2700000000e+02 3.3657861396e-42 1.0739487633e-02 9.5684475211e+02 9.5685549160e+02 1.0240000000e+03
6.2800000000e+02 1.5928484743e-42 9.6987035595e-03 9.5228013704e+02 9.5228983575e+02 8.9100000000e+02
6.2900000000e+02 7.4771811834e-43 7.7625101803e-03 9.2644739644e+02 9.2645515895e+02 7.6400000000e+02
6.3000000000e+02 1.6515353673e-42 9.7437093364e-03 9.3469558154e+02 9.3470532525e+02 1.3440000000e+03
6.3100000000e+02 7.8385809813e-43 8.8175040561e-03 9.3368705151e+02 9.3369586901e+02 1.0380000000e+03
6.3200000000e+02 3.6931002870e-43 7.9611259993e-03 9.2906180015e+02 9.2906976127e+02 9.7900000000e+02
6.3300000000e+02 1.7259520749e-43 6.3684311348e-03 9.0440824034e+02 9.0441460877e+02 8.1900000000e+02
6.3400000000e+02 8.0133006794e-44 5.7405789403e-03 9.1190817568e+02 9.1191391626e+02 6.7700000000e+02
6.3500000000e+02 1.8067584214e-43 7.2262895216e-03 9.1062862873e+02 9.1063585502e+02 1.3130000000e+03
6.3600000000e+02 8.4745996543e-44 6.5229325799e-03 9.0595420428e+02 9.0596072721e+02 1.0270000000e+03
6.3700000000e+02 3.9430338674e-44 5.2151890226e-03 8.8243132379e+02 8.8243653898e+02 9.0500000000e+02
6.3800000000e+02 1.8225364373e-44 4.6999646019e-03 8.8923328628e+02 8.8923798624e+02 8.2000000000e+02
6.3900000000e+02 8.3620829811e-45 4.2257173036e-03 8.8761003051e+02 8.8761425623e+02 6.8100000000e+02
6.4000000000e+02 1.9246805573e-44 5.3348088401e-03 8.8297733725e+02 8.8298267206e+02 1.3230000000e+03
6.4100000000e+02 8.9154478718e-45 4.2629964751e-03 8.6053801220e+02 8.6054227519e+02 1.0330000000e+03
6.4200000000e+02 4.1025291289e-45 3.8409689991e-03 8.6667733725e+02 8.6668117822e+02 9.4300000000e+02
6.4300000000e+02 1.8739242666e-45 3.4526135175e-03 8.6480879636e+02 8.6481224898e+02 7.3900000000e+02
6.4400000000e+02 8.4965379827e-46 3.0962519752e-03 8.5977572102e+02 8.5977881728e+02 6.2100000000e+02
6.4500000000e+02 1.9951090652e-45 3.4783014340e-03 8.3874900379e+02 8.3875248209e+02 1.3440000000e+03
6.4600000000e+02 9.1398220033e-46 3.1332448753e-03 8.4426016637e+02 8.4426329961e+02 9.5200000000e+02
6.4700000000e+02 4.1562341569e-46 2.8158065381e-03 8.4216633968e+02 8.4216915549e+02 8.5000000000e+02
6.4800000000e+02 1.8760794398e-46 2.5245993765e-03 8.3710913103e+02 8.3711165563e+02 7.3700000000e+02
6.4900000000e+02 8.3772425656e-47 1.8971518400e-03 8.1558202149e+02 8.1558391864e+02 5.4800000000e+02
6.5000000000e+02 2.0152751643e-46 2.5512627916e-03 8.2200089494e+02 8.2200344620e+02 1.2940000000e+03
6.5100000000e+02 9.1234339000e-47 2.2922658222e-03 8.1970107557e+02 8.1970336784e+02 9.1900000000e+02
6.5200000000e+02 4.0998748747e-47 2.0547356814e-03 8.1462914443e+02 8.1463119917e+02 8.0700000000e+02
6.5300000000e+02 1.8226892990e-47 1.5432027243e-03 7.9403597665e+02 7.9403751985e+02 5.9800000000e+02
6.5400000000e+02 8.0722860012e-48 1.3813536056e-03 7.9476705649e+02 7.9476843784e+02 4.8700000000e+02
6.5500000000e+02 1.9821063140e-47 1.8626637588e-03 7.9743067498e+02 7.9743253764e+02 1.2630000000e+03
6.5600000000e+02 8.8674772391e-48 1.6692707091e-03 7.9235292206e+02 7.9235459133e+02 8.9400000000e+02
6.5700000000e+02 3.9249439035e-48 1.2529997314e-03 7.7265270812e+02 7.7265396112e+02 7.4600000000e+02
6.5800000000e+02 1.7305130455e-48 1.1213374005e-03 7.7282225998e+02 7.7282338132e+02 5.7300000000e+02
6.5900000000e+02 7.5734031521e-49 1.0011094020e-03 7.6026548908e+02 7.6026649018e+02 3.9000000000e+02
6.6000000000e+02 1.8981896784e-48 1.3536453662e-03 7.7029687228e+02 7.7029822593e+02 1.3340000000e+03
6.6100000000e+02 8.3649525225e-49 1.0155143880e-03 7.5145005418e+02 7.5145106969e+02 8.5500000000e+02
6.6200000000e+02 3.6716586263e-49 9.0860444212e-04 7.5109116515e+02 7.5109207375e+02 6.7300000000e+02
6.6300000000e+02 1.5996885712e-49 8.1100501358e-04 7.3835823941e+02 7.3835905042e+02 5.0200000000e+02
6.6400000000e+02 6.9180143544e-50 7.2215774104e-04 7.1057907178e+02 7.1057979393e+02 3.6700000000e+02
6.6500000000e+02 1.7644228848e-49 8.2153919923e-04 7.3044508036e+02 7.3044590190e+02 1.2410000000e+03
6.6600000000e+02 7.7100777078e-50 7.3488690678e-04 7.2958994818e+02 7.2959068307e+02 7.4800000000e+02
6.6700000000e+02 3.3441728640e-50 6.5580185897e-04 7.1670410860e+02 7.1670476440e+02 6.0200000000e+02
6.6800000000e+02 1.4397633755e-50 5.8382761286e-04 6.8903425646e+02 6.8903484029e+02 3.9700000000e+02
6.6900000000e+02 6.0392094310e-51 3.9094155476e-04 6.2833053079e+02 6.2833092174e+02 2.9300000000e+02
6.7000000000e+02 1.6023752066e-50 5.9329852641e-04 7.0833398507e+02 7.0833457837e+02 1.2320000000e+03
6.7100000000e+02 6.9191200658e-51 5.2933285781e-04 6.9531778946e+02 6.9531831879e+02 6.9000000000e+02
6.7200000000e+02 2.9655792204e-51 4.7113383782e-04 6.6777960016e+02 6.6778007129e+02 5.0100000000e+02
6.7300000000e+02 1.2387069927e-51 3.1529308583e-04 6.0828447459e+02 6.0828478989e+02 3.6200000000e+02
6.7400000000e+02 5.2352528805e-52 2.8031499880e-04 5.3806516156e+02 5.3806544187e+02 2.1200000000e+02
6.7500000000e+02 1.4168433915e-51 4.2647361586e-04 6.7421315416e+02 6.7421358064e+02 1.2070000000e+03
6.7600000000e+02 6.0455615323e-52 3.7949937747e-04 6.4682830305e+02 6.4682868255e+02 6.6400000000e+02
6.7700000000e+02 2.5145722934e-52 2.5381892759e-04 5.8853316580e+02 5.8853341962e+02 4.2200000000e+02
6.7800000000e+02 1.0579946938e-52 2.2561134407e-04 5.1913284495e+02 5.1913307056e+02 2.6300000000e+02
6.7900000000e+02 4.4182879724e-53 2.0005152491e-04 4.1903240604e+02 4.1903260610e+02 1.6000000000e+02
6.8000000000e+02 1.2197545093e-52 3.0513002391e-04 6.2619272116e+02 6.2619302629e+02 1.1110000000e+03
6.8100000000e+02 5.0520388791e-53 2.0395788933e-04 5.6908936554e+02 5.6908956949e+02 5.3900000000e+02
6.8200000000e+02 2.1161004553e-53 1.8125186163e-04 5.0056337385e+02 5.0056355510e+02 3.4300000000e+02
6.8300000000e+02 8.7974510436e-54 1.6068245157e-04 4.0265791202e+02 4.0265807271e+02 2.1600000000e+02
6.8400000000e+02 3.6301770645e-54 1.4210141966e-04 2.9111968415e+02 2.9111982625e+02 9.9000000000e+01
6.8500000000e+02 1.0045608457e-53 1.6359271478e-04 5.4996492534e+02 5.4996508893e+02 9.9700000000e+02
6.8600000000e+02 4.1888616925e-54 1.4534863757e-04 4.8236542224e+02 4.8236556759e+02 5.1300000000e+02
6.8700000000e+02 1.7336706369e-54 1.2882554208e-04 3.8668086545e+02 3.8668099428e+02 3.0000000000e+02
6.8800000000e+02 7.1217603714e-55 1.1390347851e-04 2.7845333520e+02 2.7845344911e+02 1.4000000000e+02
6.8900000000e+02 2.5580502807e-55 5.7404466206e-05 1.6957149688e+02 1.6957155429e+02 5.9000000000e+01
6.9000000000e+02 8.2065892038e-55 1.1634464554e-04 4.6454673896e+02 4.6454685531e+02 9.4800000000e+02
6.9100000000e+02 3.3812961268e-55 1.0309615160e-04 3.7110481877e+02 3.7110492187e+02 3.9300000000e+02
6.9200000000e+02 1.3827820381e-55 9.1134434677e-05 2.6616681153e+02 2.6616690267e+02 1.9100000000e+02
6.9300000000e+02 4.9490467230e-56 4.5900493460e-05 1.6151842555e+02 1.6151847145e+02 7.4000000000e+01
6.9400000000e+02 1.9998418001e-56 4.0544176547e-05 9.1787076746e+01 9.1787117291e+01 2.8000000000e+01
6.9500000000e+02 6.5268958516e-56 8.2354981836e-05 3.5593248426e+02 3.5593256661e+02 8.0900000000e+02
6.9600000000e+02 2.6572163203e-56 7.2783840312e-05 2.5425864784e+02 2.5425872063e+02 2.6500000000e+02
6.9700000000e+02 9.4762848216e-57 3.6634972823e-05 1.5374465386e+02 1.5374469049e+02 1.0800000000e+02
6.9800000000e+02 3.8119983275e-57 3.2352886032e-05 8.6930564383e+01 8.6930596736e+01 4.3000000000e+01
6.9900000000e+02 1.5219002577e-57 2.8501278927e-05 4.2498087556e+01 4.2498116057e+01 1.1000000000e+01
7.0000000000e+02 5.0536700709e-57 5.8022224531e-05 2.4272675466e+02 2.4272681268e+02 6.8600000000e+02
7.0100000000e+02 1.7958031599e-57 2.9186447728e-05 1.4624688655e+02 1.4624691573e+02 1.9500000000e+02
7.0200000000e+02 7.1914064544e-58 2.5769406657e-05 8.2275814767e+01 8.2275840536e+01 4.5000000000e+01
7.0300000000e+02 2.8581685287e-58 2.2696650173e-05 4.0020461237e+01 4.0020483934e+01 1.1000000000e+01
7.0400000000e+02 1.1274069909e-58 1.9941291181e-05 1.6831251092e+01 1.6831271034e+01 2.0000000000e+00
7.0500000000e+02 3.3680880124e-58 2.3209909894e-05 1.3902145091e+02 1.3902147412e+02 5.5000000000e+02
7.0600000000e+02 1.3427001702e-58 2.0488145872e-05 7.7818085122e+01 7.7818105610e+01 1.0000000000e+02
7.0700000000e+02 5.3124340242e-59 1.8041225169e-05 3.7662012582e+01 3.7662030623e+01 2.5000000000e+01
7.0800000000e+02 2.0860607336e-59 1.5847602247e-05 1.5759805147e+01 1.5759820995e+01 3.0000000000e+00
7.0900000000e+02 0.0000000000e+00 0.0000000000e+00 0.0000000000e+00 0.0000000000e+00 0.0000000000e+00
7.1000000000e+02 2.4811231832e-59 1.6259520861e-05 7.3552505216e+01 7.3552521476e+01 3.6400000000e+02
7.1100000000e+02 9.7724473767e-60 1.4314531461e-05 3.5418781339e+01 3.5418795653e+01 4.5000000000e+01
7.1200000000e+02 3.8201221291e-60 1.2571314675e-05 1.4746671983e+01 1.4746684555e+01 7.0000000000e+00
7.1300000000e+02 0.0000000000e+00 0.0000000000e+00 0.0000000000e+00 0.0000000000e+00 0.0000000000e+00
7.1400000000e+02 0.0000000000e+00 0.0000000000e+00 0.0000000000e+00 0.0000000000e+00 0.0000000000e+00
7.1500000000e+02 1.7791690119e-60 1.1336920347e-05 3.3286818339e+01 3.3286829676e+01 2.1700000000e+02
7.1600000000e+02 6.9235944480e-61 9.9541614366e-06 1.3789415323e+01 1.3789425277e+01 1.0000000000e+01
7.1700000000e+02 0.0000000000e+00 0.0000000000e+00 0.0000000000e+00 0.0000000000e+00 0.0000000000e+00
7.1800000000e+02 0.0000000000e+00 0.0000000000e+00 0.0000000000e+00 0.0000000000e+00 0.0000000000e+00
7.1900000000e+02 0.0000000000e+00 0.0000000000e+00 0.0000000000e+00 0.0000000000e+00 0.0000000000e+00
7.2000000000e+02 1.2419098419e-61 7.8674775021e-06 1.2885648074e+01 1.2885655941e+01 6.1000000000e+01
